results_date,sharepacks_root,profile,candidate_universe_path,state_key,history_date,winner_label,winner,winner_canonical,winner_vtrac_index,winner_missing,pack_id,method_id,pack_variant,play_mode,combos_count,cost_units,contains_winners_artifacts,hit_any,straight_hit,box_hit,vtrac_index_hit,vtrac_index_hit_only
2025-12-31,sharepacks,tool_only,sharepacks/2025-12-31/Connecticut4/candidate_universe__tool_only__baseline_ref_20260121.json,Connecticut4,2025-12-30,Evening,361,136,18,0,__UNION__,union,Unknown,MIXED,168,168,1,0,0,0,1,1
2025-12-31,sharepacks,tool_only,sharepacks/2025-12-31/Connecticut4/candidate_universe__tool_only__baseline_ref_20260121.json,Connecticut4,2025-12-30,Evening,361,136,18,0,aux_positional_shortlist,aux_positional,Unknown,STRAIGHT,10,10,1,0,0,0,0,0
2025-12-31,sharepacks,tool_only,sharepacks/2025-12-31/Connecticut4/candidate_universe__tool_only__baseline_ref_20260121.json,Connecticut4,2025-12-30,Evening,361,136,18,0,aux_vtrac_index_overdue:Combined:idx=16,aux_vtrac_index_overdue,Combined,STRAIGHT,6,6,1,0,0,0,0,0
2025-12-31,sharepacks,tool_only,sharepacks/2025-12-31/Connecticut4/candidate_universe__tool_only__baseline_ref_20260121.json,Connecticut4,2025-12-30,Evening,361,136,18,0,aux_vtrac_index_overdue:Combined:idx=32,aux_vtrac_index_overdue,Combined,STRAIGHT,6,6,1,0,0,0,0,0
2025-12-31,sharepacks,tool_only,sharepacks/2025-12-31/Connecticut4/candidate_universe__tool_only__baseline_ref_20260121.json,Connecticut4,2025-12-30,Evening,361,136,18,0,aux_vtrac_index_overdue:Evening:idx=16,aux_vtrac_index_overdue,Evening,STRAIGHT,6,6,1,0,0,0,0,0
2025-12-31,sharepacks,tool_only,sharepacks/2025-12-31/Connecticut4/candidate_universe__tool_only__baseline_ref_20260121.json,Connecticut4,2025-12-30,Evening,361,136,18,0,aux_vtrac_index_overdue:Evening:idx=26,aux_vtrac_index_overdue,Evening,STRAIGHT,6,6,1,0,0,0,0,0
2025-12-31,sharepacks,tool_only,sharepacks/2025-12-31/Connecticut4/candidate_universe__tool_only__baseline_ref_20260121.json,Connecticut4,2025-12-30,Evening,361,136,18,0,aux_vtrac_index_overdue:Midday:idx=16,aux_vtrac_index_overdue,Midday,STRAIGHT,6,6,1,0,0,0,0,0
2025-12-31,sharepacks,tool_only,sharepacks/2025-12-31/Connecticut4/candidate_universe__tool_only__baseline_ref_20260121.json,Connecticut4,2025-12-30,Evening,361,136,18,0,aux_vtrac_index_overdue:Midday:idx=25,aux_vtrac_index_overdue,Midday,STRAIGHT,24,24,1,0,0,0,0,0
2025-12-31,sharepacks,tool_only,sharepacks/2025-12-31/Connecticut4/candidate_universe__tool_only__baseline_ref_20260121.json,Connecticut4,2025-12-30,Evening,361,136,18,0,combo_pack:PackA_vt8:seed=016,PackA_vt8,Unknown,STRAIGHT,8,8,1,0,0,0,0,0
2025-12-31,sharepacks,tool_only,sharepacks/2025-12-31/Connecticut4/candidate_universe__tool_only__baseline_ref_20260121.json,Connecticut4,2025-12-30,Evening,361,136,18,0,combo_pack:PackB_mirror3rd:seed=016,PackB_mirror3rd,Unknown,STRAIGHT,8,8,1,0,0,0,0,0
2025-12-31,sharepacks,tool_only,sharepacks/2025-12-31/Connecticut4/candidate_universe__tool_only__baseline_ref_20260121.json,Connecticut4,2025-12-30,Evening,361,136,18,0,combo_pack:R-perm-4:envelope,R-perm-4,Unknown,STRAIGHT,16,16,1,0,0,0,1,1
2025-12-31,sharepacks,tool_only,sharepacks/2025-12-31/Connecticut4/candidate_universe__tool_only__baseline_ref_20260121.json,Connecticut4,2025-12-30,Evening,361,136,18,0,combo_pack:consensus_double_9:trigger=0:keys=816,consensus_double_9,Unknown,MIXED,9,9,1,0,0,0,0,0
2025-12-31,sharepacks,tool_only,sharepacks/2025-12-31/Connecticut4/candidate_universe__tool_only__baseline_ref_20260121.json,Connecticut4,2025-12-30,Evening,361,136,18,0,due_doubles:Combined,due_doubles,Combined,BOX,12,12,1,0,0,0,0,0
2025-12-31,sharepacks,tool_only,sharepacks/2025-12-31/Connecticut4/candidate_universe__tool_only__baseline_ref_20260121.json,Connecticut4,2025-12-30,Evening,361,136,18,0,due_doubles:Evening,due_doubles,Evening,BOX,12,12,1,0,0,0,0,0
2025-12-31,sharepacks,tool_only,sharepacks/2025-12-31/Connecticut4/candidate_universe__tool_only__baseline_ref_20260121.json,Connecticut4,2025-12-30,Evening,361,136,18,0,due_doubles:Midday,due_doubles,Midday,BOX,12,12,1,0,0,0,0,0
2025-12-31,sharepacks,tool_only,sharepacks/2025-12-31/Connecticut4/candidate_universe__tool_only__baseline_ref_20260121.json,Connecticut4,2025-12-30,Evening,361,136,18,0,due_doubles_mirror_double:Combined:seed=088,due_doubles_mirror_double,Combined,BOX,6,6,1,0,0,0,0,0
2025-12-31,sharepacks,tool_only,sharepacks/2025-12-31/Connecticut4/candidate_universe__tool_only__baseline_ref_20260121.json,Connecticut4,2025-12-30,Evening,361,136,18,0,due_doubles_mirror_double:Evening:seed=088,due_doubles_mirror_double,Evening,BOX,6,6,1,0,0,0,0,0
2025-12-31,sharepacks,tool_only,sharepacks/2025-12-31/Connecticut4/candidate_universe__tool_only__baseline_ref_20260121.json,Connecticut4,2025-12-30,Evening,361,136,18,0,due_doubles_mirror_double:Midday:seed=088,due_doubles_mirror_double,Midday,BOX,6,6,1,0,0,0,0,0
2025-12-31,sharepacks,tool_only,sharepacks/2025-12-31/Connecticut4/candidate_universe__tool_only__baseline_ref_20260121.json,Connecticut4,2025-12-30,Evening,361,136,18,0,due_doubles_mirror_single:Combined:seed=088,due_doubles_mirror_single,Combined,BOX,6,6,1,0,0,0,0,0
2025-12-31,sharepacks,tool_only,sharepacks/2025-12-31/Connecticut4/candidate_universe__tool_only__baseline_ref_20260121.json,Connecticut4,2025-12-30,Evening,361,136,18,0,due_doubles_mirror_single:Evening:seed=088,due_doubles_mirror_single,Evening,BOX,6,6,1,0,0,0,0,0
2025-12-31,sharepacks,tool_only,sharepacks/2025-12-31/Connecticut4/candidate_universe__tool_only__baseline_ref_20260121.json,Connecticut4,2025-12-30,Evening,361,136,18,0,due_doubles_mirror_single:Midday:seed=088,due_doubles_mirror_single,Midday,BOX,6,6,1,0,0,0,0,0
2025-12-31,sharepacks,tool_only,sharepacks/2025-12-31/Connecticut4/candidate_universe__tool_only__baseline_ref_20260121.json,Connecticut4,2025-12-30,Evening,361,136,18,0,hot_zones_top_triads,hot_zones_top,Unknown,STRAIGHT,8,8,1,0,0,0,0,0
2025-12-31,sharepacks,tool_only,sharepacks/2025-12-31/Connecticut4/candidate_universe__tool_only__baseline_ref_20260121.json,Connecticut4,2025-12-30,Evening,361,136,18,0,mirror_pair_closure:pair=0/5,mirror_pair_closure,Unknown,BOX,18,18,1,0,0,0,0,0
2025-12-31,sharepacks,tool_only,sharepacks/2025-12-31/Connecticut4/candidate_universe__tool_only__baseline_ref_20260121.json,Connecticut4,2025-12-30,Evening,361,136,18,0,mirror_pair_closure:pair=2/7,mirror_pair_closure,Unknown,BOX,18,18,1,0,0,0,0,0
2025-12-31,sharepacks,tool_only,sharepacks/2025-12-31/Connecticut4/candidate_universe__tool_only__baseline_ref_20260121.json,Connecticut4,2025-12-30,Evening,361,136,18,0,stable_top:Combined,stable_top,Combined,BOX,12,12,1,0,0,0,0,0
2025-12-31,sharepacks,tool_only,sharepacks/2025-12-31/Connecticut4/candidate_universe__tool_only__baseline_ref_20260121.json,Connecticut4,2025-12-30,Evening,361,136,18,0,stable_top:Evening,stable_top,Evening,BOX,9,9,1,0,0,0,0,0
2025-12-31,sharepacks,tool_only,sharepacks/2025-12-31/Connecticut4/candidate_universe__tool_only__baseline_ref_20260121.json,Connecticut4,2025-12-30,Evening,361,136,18,0,stable_top:Midday,stable_top,Midday,BOX,10,10,1,0,0,0,0,0
2025-12-31,sharepacks,tool_only,sharepacks/2025-12-31/Connecticut4/candidate_universe__tool_only__baseline_ref_20260121.json,Connecticut4,2025-12-30,Evening,361,136,18,0,vtrac_top_straights,vtrac_enhanced_top,Unknown,STRAIGHT,8,8,1,0,0,0,0,0
2025-12-31,sharepacks,tool_only,sharepacks/2025-12-31/Connecticut4/candidate_universe__tool_only__baseline_ref_20260121.json,Connecticut4,2025-12-30,Midday,932,239,30,0,__UNION__,union,Unknown,MIXED,168,168,1,0,0,0,0,0
2025-12-31,sharepacks,tool_only,sharepacks/2025-12-31/Connecticut4/candidate_universe__tool_only__baseline_ref_20260121.json,Connecticut4,2025-12-30,Midday,932,239,30,0,aux_positional_shortlist,aux_positional,Unknown,STRAIGHT,10,10,1,0,0,0,0,0
2025-12-31,sharepacks,tool_only,sharepacks/2025-12-31/Connecticut4/candidate_universe__tool_only__baseline_ref_20260121.json,Connecticut4,2025-12-30,Midday,932,239,30,0,aux_vtrac_index_overdue:Combined:idx=16,aux_vtrac_index_overdue,Combined,STRAIGHT,6,6,1,0,0,0,0,0
2025-12-31,sharepacks,tool_only,sharepacks/2025-12-31/Connecticut4/candidate_universe__tool_only__baseline_ref_20260121.json,Connecticut4,2025-12-30,Midday,932,239,30,0,aux_vtrac_index_overdue:Combined:idx=32,aux_vtrac_index_overdue,Combined,STRAIGHT,6,6,1,0,0,0,0,0
2025-12-31,sharepacks,tool_only,sharepacks/2025-12-31/Connecticut4/candidate_universe__tool_only__baseline_ref_20260121.json,Connecticut4,2025-12-30,Midday,932,239,30,0,aux_vtrac_index_overdue:Evening:idx=16,aux_vtrac_index_overdue,Evening,STRAIGHT,6,6,1,0,0,0,0,0
2025-12-31,sharepacks,tool_only,sharepacks/2025-12-31/Connecticut4/candidate_universe__tool_only__baseline_ref_20260121.json,Connecticut4,2025-12-30,Midday,932,239,30,0,aux_vtrac_index_overdue:Evening:idx=26,aux_vtrac_index_overdue,Evening,STRAIGHT,6,6,1,0,0,0,0,0
2025-12-31,sharepacks,tool_only,sharepacks/2025-12-31/Connecticut4/candidate_universe__tool_only__baseline_ref_20260121.json,Connecticut4,2025-12-30,Midday,932,239,30,0,aux_vtrac_index_overdue:Midday:idx=16,aux_vtrac_index_overdue,Midday,STRAIGHT,6,6,1,0,0,0,0,0
2025-12-31,sharepacks,tool_only,sharepacks/2025-12-31/Connecticut4/candidate_universe__tool_only__baseline_ref_20260121.json,Connecticut4,2025-12-30,Midday,932,239,30,0,aux_vtrac_index_overdue:Midday:idx=25,aux_vtrac_index_overdue,Midday,STRAIGHT,24,24,1,0,0,0,0,0
2025-12-31,sharepacks,tool_only,sharepacks/2025-12-31/Connecticut4/candidate_universe__tool_only__baseline_ref_20260121.json,Connecticut4,2025-12-30,Midday,932,239,30,0,combo_pack:PackA_vt8:seed=016,PackA_vt8,Unknown,STRAIGHT,8,8,1,0,0,0,0,0
2025-12-31,sharepacks,tool_only,sharepacks/2025-12-31/Connecticut4/candidate_universe__tool_only__baseline_ref_20260121.json,Connecticut4,2025-12-30,Midday,932,239,30,0,combo_pack:PackB_mirror3rd:seed=016,PackB_mirror3rd,Unknown,STRAIGHT,8,8,1,0,0,0,0,0
2025-12-31,sharepacks,tool_only,sharepacks/2025-12-31/Connecticut4/candidate_universe__tool_only__baseline_ref_20260121.json,Connecticut4,2025-12-30,Midday,932,239,30,0,combo_pack:R-perm-4:envelope,R-perm-4,Unknown,STRAIGHT,16,16,1,0,0,0,0,0
2025-12-31,sharepacks,tool_only,sharepacks/2025-12-31/Connecticut4/candidate_universe__tool_only__baseline_ref_20260121.json,Connecticut4,2025-12-30,Midday,932,239,30,0,combo_pack:consensus_double_9:trigger=0:keys=816,consensus_double_9,Unknown,MIXED,9,9,1,0,0,0,0,0
2025-12-31,sharepacks,tool_only,sharepacks/2025-12-31/Connecticut4/candidate_universe__tool_only__baseline_ref_20260121.json,Connecticut4,2025-12-30,Midday,932,239,30,0,due_doubles:Combined,due_doubles,Combined,BOX,12,12,1,0,0,0,0,0
2025-12-31,sharepacks,tool_only,sharepacks/2025-12-31/Connecticut4/candidate_universe__tool_only__baseline_ref_20260121.json,Connecticut4,2025-12-30,Midday,932,239,30,0,due_doubles:Evening,due_doubles,Evening,BOX,12,12,1,0,0,0,0,0
2025-12-31,sharepacks,tool_only,sharepacks/2025-12-31/Connecticut4/candidate_universe__tool_only__baseline_ref_20260121.json,Connecticut4,2025-12-30,Midday,932,239,30,0,due_doubles:Midday,due_doubles,Midday,BOX,12,12,1,0,0,0,0,0
2025-12-31,sharepacks,tool_only,sharepacks/2025-12-31/Connecticut4/candidate_universe__tool_only__baseline_ref_20260121.json,Connecticut4,2025-12-30,Midday,932,239,30,0,due_doubles_mirror_double:Combined:seed=088,due_doubles_mirror_double,Combined,BOX,6,6,1,0,0,0,0,0
2025-12-31,sharepacks,tool_only,sharepacks/2025-12-31/Connecticut4/candidate_universe__tool_only__baseline_ref_20260121.json,Connecticut4,2025-12-30,Midday,932,239,30,0,due_doubles_mirror_double:Evening:seed=088,due_doubles_mirror_double,Evening,BOX,6,6,1,0,0,0,0,0
2025-12-31,sharepacks,tool_only,sharepacks/2025-12-31/Connecticut4/candidate_universe__tool_only__baseline_ref_20260121.json,Connecticut4,2025-12-30,Midday,932,239,30,0,due_doubles_mirror_double:Midday:seed=088,due_doubles_mirror_double,Midday,BOX,6,6,1,0,0,0,0,0
2025-12-31,sharepacks,tool_only,sharepacks/2025-12-31/Connecticut4/candidate_universe__tool_only__baseline_ref_20260121.json,Connecticut4,2025-12-30,Midday,932,239,30,0,due_doubles_mirror_single:Combined:seed=088,due_doubles_mirror_single,Combined,BOX,6,6,1,0,0,0,0,0
2025-12-31,sharepacks,tool_only,sharepacks/2025-12-31/Connecticut4/candidate_universe__tool_only__baseline_ref_20260121.json,Connecticut4,2025-12-30,Midday,932,239,30,0,due_doubles_mirror_single:Evening:seed=088,due_doubles_mirror_single,Evening,BOX,6,6,1,0,0,0,0,0
2025-12-31,sharepacks,tool_only,sharepacks/2025-12-31/Connecticut4/candidate_universe__tool_only__baseline_ref_20260121.json,Connecticut4,2025-12-30,Midday,932,239,30,0,due_doubles_mirror_single:Midday:seed=088,due_doubles_mirror_single,Midday,BOX,6,6,1,0,0,0,0,0
2025-12-31,sharepacks,tool_only,sharepacks/2025-12-31/Connecticut4/candidate_universe__tool_only__baseline_ref_20260121.json,Connecticut4,2025-12-30,Midday,932,239,30,0,hot_zones_top_triads,hot_zones_top,Unknown,STRAIGHT,8,8,1,0,0,0,0,0
2025-12-31,sharepacks,tool_only,sharepacks/2025-12-31/Connecticut4/candidate_universe__tool_only__baseline_ref_20260121.json,Connecticut4,2025-12-30,Midday,932,239,30,0,mirror_pair_closure:pair=0/5,mirror_pair_closure,Unknown,BOX,18,18,1,0,0,0,0,0
2025-12-31,sharepacks,tool_only,sharepacks/2025-12-31/Connecticut4/candidate_universe__tool_only__baseline_ref_20260121.json,Connecticut4,2025-12-30,Midday,932,239,30,0,mirror_pair_closure:pair=2/7,mirror_pair_closure,Unknown,BOX,18,18,1,0,0,0,0,0
2025-12-31,sharepacks,tool_only,sharepacks/2025-12-31/Connecticut4/candidate_universe__tool_only__baseline_ref_20260121.json,Connecticut4,2025-12-30,Midday,932,239,30,0,stable_top:Combined,stable_top,Combined,BOX,12,12,1,0,0,0,0,0
2025-12-31,sharepacks,tool_only,sharepacks/2025-12-31/Connecticut4/candidate_universe__tool_only__baseline_ref_20260121.json,Connecticut4,2025-12-30,Midday,932,239,30,0,stable_top:Evening,stable_top,Evening,BOX,9,9,1,0,0,0,0,0
2025-12-31,sharepacks,tool_only,sharepacks/2025-12-31/Connecticut4/candidate_universe__tool_only__baseline_ref_20260121.json,Connecticut4,2025-12-30,Midday,932,239,30,0,stable_top:Midday,stable_top,Midday,BOX,10,10,1,0,0,0,0,0
2025-12-31,sharepacks,tool_only,sharepacks/2025-12-31/Connecticut4/candidate_universe__tool_only__baseline_ref_20260121.json,Connecticut4,2025-12-30,Midday,932,239,30,0,vtrac_top_straights,vtrac_enhanced_top,Unknown,STRAIGHT,8,8,1,0,0,0,0,0
2025-12-31,sharepacks,tool_only,sharepacks/2025-12-31/Delaware4/candidate_universe__tool_only__baseline_ref_20260121.json,Delaware4,2025-12-30,Evening,337,337,29,0,__UNION__,union,Unknown,MIXED,166,166,1,0,0,0,1,1
2025-12-31,sharepacks,tool_only,sharepacks/2025-12-31/Delaware4/candidate_universe__tool_only__baseline_ref_20260121.json,Delaware4,2025-12-30,Evening,337,337,29,0,aux_positional_shortlist,aux_positional,Unknown,STRAIGHT,10,10,1,0,0,0,0,0
2025-12-31,sharepacks,tool_only,sharepacks/2025-12-31/Delaware4/candidate_universe__tool_only__baseline_ref_20260121.json,Delaware4,2025-12-30,Evening,337,337,29,0,aux_vtrac_index_overdue:Combined:idx=2,aux_vtrac_index_overdue,Combined,STRAIGHT,24,24,1,0,0,0,0,0
2025-12-31,sharepacks,tool_only,sharepacks/2025-12-31/Delaware4/candidate_universe__tool_only__baseline_ref_20260121.json,Delaware4,2025-12-30,Evening,337,337,29,0,aux_vtrac_index_overdue:Combined:idx=35,aux_vtrac_index_overdue,Combined,STRAIGHT,6,6,1,0,0,0,0,0
2025-12-31,sharepacks,tool_only,sharepacks/2025-12-31/Delaware4/candidate_universe__tool_only__baseline_ref_20260121.json,Delaware4,2025-12-30,Evening,337,337,29,0,aux_vtrac_index_overdue:Evening:idx=1,aux_vtrac_index_overdue,Evening,STRAIGHT,6,6,1,0,0,0,0,0
2025-12-31,sharepacks,tool_only,sharepacks/2025-12-31/Delaware4/candidate_universe__tool_only__baseline_ref_20260121.json,Delaware4,2025-12-30,Evening,337,337,29,0,aux_vtrac_index_overdue:Evening:idx=5,aux_vtrac_index_overdue,Evening,STRAIGHT,24,24,1,0,0,0,0,0
2025-12-31,sharepacks,tool_only,sharepacks/2025-12-31/Delaware4/candidate_universe__tool_only__baseline_ref_20260121.json,Delaware4,2025-12-30,Evening,337,337,29,0,aux_vtrac_index_overdue:Midday:idx=32,aux_vtrac_index_overdue,Midday,STRAIGHT,6,6,1,0,0,0,0,0
2025-12-31,sharepacks,tool_only,sharepacks/2025-12-31/Delaware4/candidate_universe__tool_only__baseline_ref_20260121.json,Delaware4,2025-12-30,Evening,337,337,29,0,aux_vtrac_index_overdue:Midday:idx=35,aux_vtrac_index_overdue,Midday,STRAIGHT,6,6,1,0,0,0,0,0
2025-12-31,sharepacks,tool_only,sharepacks/2025-12-31/Delaware4/candidate_universe__tool_only__baseline_ref_20260121.json,Delaware4,2025-12-30,Evening,337,337,29,0,combo_pack:PackA_vt8:seed=045,PackA_vt8,Unknown,STRAIGHT,8,8,1,0,0,0,0,0
2025-12-31,sharepacks,tool_only,sharepacks/2025-12-31/Delaware4/candidate_universe__tool_only__baseline_ref_20260121.json,Delaware4,2025-12-30,Evening,337,337,29,0,combo_pack:PackB_mirror3rd:seed=045,PackB_mirror3rd,Unknown,STRAIGHT,9,9,1,0,0,0,0,0
2025-12-31,sharepacks,tool_only,sharepacks/2025-12-31/Delaware4/candidate_universe__tool_only__baseline_ref_20260121.json,Delaware4,2025-12-30,Evening,337,337,29,0,combo_pack:R-perm-4:envelope,R-perm-4,Unknown,STRAIGHT,16,16,1,0,0,0,0,0
2025-12-31,sharepacks,tool_only,sharepacks/2025-12-31/Delaware4/candidate_universe__tool_only__baseline_ref_20260121.json,Delaware4,2025-12-30,Evening,337,337,29,0,combo_pack:consensus_double_9:trigger=1:keys=045,consensus_double_9,Unknown,MIXED,9,9,1,0,0,0,0,0
2025-12-31,sharepacks,tool_only,sharepacks/2025-12-31/Delaware4/candidate_universe__tool_only__baseline_ref_20260121.json,Delaware4,2025-12-30,Evening,337,337,29,0,due_doubles:Combined,due_doubles,Combined,BOX,12,12,1,0,0,0,0,0
2025-12-31,sharepacks,tool_only,sharepacks/2025-12-31/Delaware4/candidate_universe__tool_only__baseline_ref_20260121.json,Delaware4,2025-12-30,Evening,337,337,29,0,due_doubles:Evening,due_doubles,Evening,BOX,12,12,1,0,0,0,0,0
2025-12-31,sharepacks,tool_only,sharepacks/2025-12-31/Delaware4/candidate_universe__tool_only__baseline_ref_20260121.json,Delaware4,2025-12-30,Evening,337,337,29,0,due_doubles:Midday,due_doubles,Midday,BOX,12,12,1,0,0,0,0,0
2025-12-31,sharepacks,tool_only,sharepacks/2025-12-31/Delaware4/candidate_universe__tool_only__baseline_ref_20260121.json,Delaware4,2025-12-30,Evening,337,337,29,0,due_doubles_mirror_double:Combined:seed=009,due_doubles_mirror_double,Combined,BOX,6,6,1,0,0,0,0,0
2025-12-31,sharepacks,tool_only,sharepacks/2025-12-31/Delaware4/candidate_universe__tool_only__baseline_ref_20260121.json,Delaware4,2025-12-30,Evening,337,337,29,0,due_doubles_mirror_double:Evening:seed=009,due_doubles_mirror_double,Evening,BOX,6,6,1,0,0,0,0,0
2025-12-31,sharepacks,tool_only,sharepacks/2025-12-31/Delaware4/candidate_universe__tool_only__baseline_ref_20260121.json,Delaware4,2025-12-30,Evening,337,337,29,0,due_doubles_mirror_double:Midday:seed=009,due_doubles_mirror_double,Midday,BOX,6,6,1,0,0,0,0,0
2025-12-31,sharepacks,tool_only,sharepacks/2025-12-31/Delaware4/candidate_universe__tool_only__baseline_ref_20260121.json,Delaware4,2025-12-30,Evening,337,337,29,0,due_doubles_mirror_single:Combined:seed=009,due_doubles_mirror_single,Combined,BOX,6,6,1,0,0,0,0,0
2025-12-31,sharepacks,tool_only,sharepacks/2025-12-31/Delaware4/candidate_universe__tool_only__baseline_ref_20260121.json,Delaware4,2025-12-30,Evening,337,337,29,0,due_doubles_mirror_single:Evening:seed=009,due_doubles_mirror_single,Evening,BOX,6,6,1,0,0,0,0,0
2025-12-31,sharepacks,tool_only,sharepacks/2025-12-31/Delaware4/candidate_universe__tool_only__baseline_ref_20260121.json,Delaware4,2025-12-30,Evening,337,337,29,0,due_doubles_mirror_single:Midday:seed=009,due_doubles_mirror_single,Midday,BOX,6,6,1,0,0,0,0,0
2025-12-31,sharepacks,tool_only,sharepacks/2025-12-31/Delaware4/candidate_universe__tool_only__baseline_ref_20260121.json,Delaware4,2025-12-30,Evening,337,337,29,0,hot_zones_top_triads,hot_zones_top,Unknown,STRAIGHT,8,8,1,0,0,0,0,0
2025-12-31,sharepacks,tool_only,sharepacks/2025-12-31/Delaware4/candidate_universe__tool_only__baseline_ref_20260121.json,Delaware4,2025-12-30,Evening,337,337,29,0,mirror_pair_closure:pair=1/6,mirror_pair_closure,Unknown,BOX,18,18,1,0,0,0,0,0
2025-12-31,sharepacks,tool_only,sharepacks/2025-12-31/Delaware4/candidate_universe__tool_only__baseline_ref_20260121.json,Delaware4,2025-12-30,Evening,337,337,29,0,mirror_pair_closure:pair=3/8,mirror_pair_closure,Unknown,BOX,18,18,1,0,0,0,1,1
2025-12-31,sharepacks,tool_only,sharepacks/2025-12-31/Delaware4/candidate_universe__tool_only__baseline_ref_20260121.json,Delaware4,2025-12-30,Evening,337,337,29,0,stable_top:Combined,stable_top,Combined,BOX,9,9,1,0,0,0,0,0
2025-12-31,sharepacks,tool_only,sharepacks/2025-12-31/Delaware4/candidate_universe__tool_only__baseline_ref_20260121.json,Delaware4,2025-12-30,Evening,337,337,29,0,stable_top:Evening,stable_top,Evening,BOX,9,9,1,0,0,0,0,0
2025-12-31,sharepacks,tool_only,sharepacks/2025-12-31/Delaware4/candidate_universe__tool_only__baseline_ref_20260121.json,Delaware4,2025-12-30,Evening,337,337,29,0,stable_top:Midday,stable_top,Midday,BOX,10,10,1,0,0,0,0,0
2025-12-31,sharepacks,tool_only,sharepacks/2025-12-31/Delaware4/candidate_universe__tool_only__baseline_ref_20260121.json,Delaware4,2025-12-30,Evening,337,337,29,0,vtrac_top_straights,vtrac_enhanced_top,Unknown,STRAIGHT,8,8,1,0,0,0,0,0
2025-12-31,sharepacks,tool_only,sharepacks/2025-12-31/Delaware4/candidate_universe__tool_only__baseline_ref_20260121.json,Delaware4,2025-12-30,Midday,082,028,11,0,__UNION__,union,Unknown,MIXED,166,166,1,0,0,0,1,1
2025-12-31,sharepacks,tool_only,sharepacks/2025-12-31/Delaware4/candidate_universe__tool_only__baseline_ref_20260121.json,Delaware4,2025-12-30,Midday,082,028,11,0,aux_positional_shortlist,aux_positional,Unknown,STRAIGHT,10,10,1,0,0,0,0,0
2025-12-31,sharepacks,tool_only,sharepacks/2025-12-31/Delaware4/candidate_universe__tool_only__baseline_ref_20260121.json,Delaware4,2025-12-30,Midday,082,028,11,0,aux_vtrac_index_overdue:Combined:idx=2,aux_vtrac_index_overdue,Combined,STRAIGHT,24,24,1,0,0,0,0,0
2025-12-31,sharepacks,tool_only,sharepacks/2025-12-31/Delaware4/candidate_universe__tool_only__baseline_ref_20260121.json,Delaware4,2025-12-30,Midday,082,028,11,0,aux_vtrac_index_overdue:Combined:idx=35,aux_vtrac_index_overdue,Combined,STRAIGHT,6,6,1,0,0,0,0,0
2025-12-31,sharepacks,tool_only,sharepacks/2025-12-31/Delaware4/candidate_universe__tool_only__baseline_ref_20260121.json,Delaware4,2025-12-30,Midday,082,028,11,0,aux_vtrac_index_overdue:Evening:idx=1,aux_vtrac_index_overdue,Evening,STRAIGHT,6,6,1,0,0,0,0,0
2025-12-31,sharepacks,tool_only,sharepacks/2025-12-31/Delaware4/candidate_universe__tool_only__baseline_ref_20260121.json,Delaware4,2025-12-30,Midday,082,028,11,0,aux_vtrac_index_overdue:Evening:idx=5,aux_vtrac_index_overdue,Evening,STRAIGHT,24,24,1,0,0,0,0,0
2025-12-31,sharepacks,tool_only,sharepacks/2025-12-31/Delaware4/candidate_universe__tool_only__baseline_ref_20260121.json,Delaware4,2025-12-30,Midday,082,028,11,0,aux_vtrac_index_overdue:Midday:idx=32,aux_vtrac_index_overdue,Midday,STRAIGHT,6,6,1,0,0,0,0,0
2025-12-31,sharepacks,tool_only,sharepacks/2025-12-31/Delaware4/candidate_universe__tool_only__baseline_ref_20260121.json,Delaware4,2025-12-30,Midday,082,028,11,0,aux_vtrac_index_overdue:Midday:idx=35,aux_vtrac_index_overdue,Midday,STRAIGHT,6,6,1,0,0,0,0,0
2025-12-31,sharepacks,tool_only,sharepacks/2025-12-31/Delaware4/candidate_universe__tool_only__baseline_ref_20260121.json,Delaware4,2025-12-30,Midday,082,028,11,0,combo_pack:PackA_vt8:seed=045,PackA_vt8,Unknown,STRAIGHT,8,8,1,0,0,0,0,0
2025-12-31,sharepacks,tool_only,sharepacks/2025-12-31/Delaware4/candidate_universe__tool_only__baseline_ref_20260121.json,Delaware4,2025-12-30,Midday,082,028,11,0,combo_pack:PackB_mirror3rd:seed=045,PackB_mirror3rd,Unknown,STRAIGHT,9,9,1,0,0,0,0,0
2025-12-31,sharepacks,tool_only,sharepacks/2025-12-31/Delaware4/candidate_universe__tool_only__baseline_ref_20260121.json,Delaware4,2025-12-30,Midday,082,028,11,0,combo_pack:R-perm-4:envelope,R-perm-4,Unknown,STRAIGHT,16,16,1,0,0,0,0,0
2025-12-31,sharepacks,tool_only,sharepacks/2025-12-31/Delaware4/candidate_universe__tool_only__baseline_ref_20260121.json,Delaware4,2025-12-30,Midday,082,028,11,0,combo_pack:consensus_double_9:trigger=1:keys=045,consensus_double_9,Unknown,MIXED,9,9,1,0,0,0,0,0
2025-12-31,sharepacks,tool_only,sharepacks/2025-12-31/Delaware4/candidate_universe__tool_only__baseline_ref_20260121.json,Delaware4,2025-12-30,Midday,082,028,11,0,due_doubles:Combined,due_doubles,Combined,BOX,12,12,1,0,0,0,0,0
2025-12-31,sharepacks,tool_only,sharepacks/2025-12-31/Delaware4/candidate_universe__tool_only__baseline_ref_20260121.json,Delaware4,2025-12-30,Midday,082,028,11,0,due_doubles:Evening,due_doubles,Evening,BOX,12,12,1,0,0,0,0,0
2025-12-31,sharepacks,tool_only,sharepacks/2025-12-31/Delaware4/candidate_universe__tool_only__baseline_ref_20260121.json,Delaware4,2025-12-30,Midday,082,028,11,0,due_doubles:Midday,due_doubles,Midday,BOX,12,12,1,0,0,0,0,0
2025-12-31,sharepacks,tool_only,sharepacks/2025-12-31/Delaware4/candidate_universe__tool_only__baseline_ref_20260121.json,Delaware4,2025-12-30,Midday,082,028,11,0,due_doubles_mirror_double:Combined:seed=009,due_doubles_mirror_double,Combined,BOX,6,6,1,0,0,0,0,0
2025-12-31,sharepacks,tool_only,sharepacks/2025-12-31/Delaware4/candidate_universe__tool_only__baseline_ref_20260121.json,Delaware4,2025-12-30,Midday,082,028,11,0,due_doubles_mirror_double:Evening:seed=009,due_doubles_mirror_double,Evening,BOX,6,6,1,0,0,0,0,0
2025-12-31,sharepacks,tool_only,sharepacks/2025-12-31/Delaware4/candidate_universe__tool_only__baseline_ref_20260121.json,Delaware4,2025-12-30,Midday,082,028,11,0,due_doubles_mirror_double:Midday:seed=009,due_doubles_mirror_double,Midday,BOX,6,6,1,0,0,0,0,0
2025-12-31,sharepacks,tool_only,sharepacks/2025-12-31/Delaware4/candidate_universe__tool_only__baseline_ref_20260121.json,Delaware4,2025-12-30,Midday,082,028,11,0,due_doubles_mirror_single:Combined:seed=009,due_doubles_mirror_single,Combined,BOX,6,6,1,0,0,0,0,0
2025-12-31,sharepacks,tool_only,sharepacks/2025-12-31/Delaware4/candidate_universe__tool_only__baseline_ref_20260121.json,Delaware4,2025-12-30,Midday,082,028,11,0,due_doubles_mirror_single:Evening:seed=009,due_doubles_mirror_single,Evening,BOX,6,6,1,0,0,0,0,0
2025-12-31,sharepacks,tool_only,sharepacks/2025-12-31/Delaware4/candidate_universe__tool_only__baseline_ref_20260121.json,Delaware4,2025-12-30,Midday,082,028,11,0,due_doubles_mirror_single:Midday:seed=009,due_doubles_mirror_single,Midday,BOX,6,6,1,0,0,0,0,0
2025-12-31,sharepacks,tool_only,sharepacks/2025-12-31/Delaware4/candidate_universe__tool_only__baseline_ref_20260121.json,Delaware4,2025-12-30,Midday,082,028,11,0,hot_zones_top_triads,hot_zones_top,Unknown,STRAIGHT,8,8,1,0,0,0,1,1
2025-12-31,sharepacks,tool_only,sharepacks/2025-12-31/Delaware4/candidate_universe__tool_only__baseline_ref_20260121.json,Delaware4,2025-12-30,Midday,082,028,11,0,mirror_pair_closure:pair=1/6,mirror_pair_closure,Unknown,BOX,18,18,1,0,0,0,0,0
2025-12-31,sharepacks,tool_only,sharepacks/2025-12-31/Delaware4/candidate_universe__tool_only__baseline_ref_20260121.json,Delaware4,2025-12-30,Midday,082,028,11,0,mirror_pair_closure:pair=3/8,mirror_pair_closure,Unknown,BOX,18,18,1,0,0,0,0,0
2025-12-31,sharepacks,tool_only,sharepacks/2025-12-31/Delaware4/candidate_universe__tool_only__baseline_ref_20260121.json,Delaware4,2025-12-30,Midday,082,028,11,0,stable_top:Combined,stable_top,Combined,BOX,9,9,1,0,0,0,0,0
2025-12-31,sharepacks,tool_only,sharepacks/2025-12-31/Delaware4/candidate_universe__tool_only__baseline_ref_20260121.json,Delaware4,2025-12-30,Midday,082,028,11,0,stable_top:Evening,stable_top,Evening,BOX,9,9,1,0,0,0,0,0
2025-12-31,sharepacks,tool_only,sharepacks/2025-12-31/Delaware4/candidate_universe__tool_only__baseline_ref_20260121.json,Delaware4,2025-12-30,Midday,082,028,11,0,stable_top:Midday,stable_top,Midday,BOX,10,10,1,0,0,0,0,0
2025-12-31,sharepacks,tool_only,sharepacks/2025-12-31/Delaware4/candidate_universe__tool_only__baseline_ref_20260121.json,Delaware4,2025-12-30,Midday,082,028,11,0,vtrac_top_straights,vtrac_enhanced_top,Unknown,STRAIGHT,8,8,1,0,0,0,0,0
2025-12-31,sharepacks,tool_only,sharepacks/2025-12-31/Florida4/candidate_universe__tool_only__baseline_ref_20260121.json,Florida4,2025-12-30,Evening,211,112,17,0,__UNION__,union,Unknown,MIXED,148,148,1,0,0,0,1,1
2025-12-31,sharepacks,tool_only,sharepacks/2025-12-31/Florida4/candidate_universe__tool_only__baseline_ref_20260121.json,Florida4,2025-12-30,Evening,211,112,17,0,aux_positional_shortlist,aux_positional,Unknown,STRAIGHT,10,10,1,0,0,0,1,1
2025-12-31,sharepacks,tool_only,sharepacks/2025-12-31/Florida4/candidate_universe__tool_only__baseline_ref_20260121.json,Florida4,2025-12-30,Evening,211,112,17,0,aux_vtrac_index_overdue:Combined:idx=26,aux_vtrac_index_overdue,Combined,STRAIGHT,6,6,1,0,0,0,0,0
2025-12-31,sharepacks,tool_only,sharepacks/2025-12-31/Florida4/candidate_universe__tool_only__baseline_ref_20260121.json,Florida4,2025-12-30,Evening,211,112,17,0,aux_vtrac_index_overdue:Combined:idx=32,aux_vtrac_index_overdue,Combined,STRAIGHT,6,6,1,0,0,0,0,0
2025-12-31,sharepacks,tool_only,sharepacks/2025-12-31/Florida4/candidate_universe__tool_only__baseline_ref_20260121.json,Florida4,2025-12-30,Evening,211,112,17,0,aux_vtrac_index_overdue:Evening:idx=32,aux_vtrac_index_overdue,Evening,STRAIGHT,6,6,1,0,0,0,0,0
2025-12-31,sharepacks,tool_only,sharepacks/2025-12-31/Florida4/candidate_universe__tool_only__baseline_ref_20260121.json,Florida4,2025-12-30,Evening,211,112,17,0,aux_vtrac_index_overdue:Evening:idx=35,aux_vtrac_index_overdue,Evening,STRAIGHT,6,6,1,0,0,0,0,0
2025-12-31,sharepacks,tool_only,sharepacks/2025-12-31/Florida4/candidate_universe__tool_only__baseline_ref_20260121.json,Florida4,2025-12-30,Evening,211,112,17,0,aux_vtrac_index_overdue:Midday:idx=26,aux_vtrac_index_overdue,Midday,STRAIGHT,6,6,1,0,0,0,0,0
2025-12-31,sharepacks,tool_only,sharepacks/2025-12-31/Florida4/candidate_universe__tool_only__baseline_ref_20260121.json,Florida4,2025-12-30,Evening,211,112,17,0,aux_vtrac_index_overdue:Midday:idx=32,aux_vtrac_index_overdue,Midday,STRAIGHT,6,6,1,0,0,0,0,0
2025-12-31,sharepacks,tool_only,sharepacks/2025-12-31/Florida4/candidate_universe__tool_only__baseline_ref_20260121.json,Florida4,2025-12-30,Evening,211,112,17,0,combo_pack:PackA_vt8:seed=037,PackA_vt8,Unknown,STRAIGHT,8,8,1,0,0,0,0,0
2025-12-31,sharepacks,tool_only,sharepacks/2025-12-31/Florida4/candidate_universe__tool_only__baseline_ref_20260121.json,Florida4,2025-12-30,Evening,211,112,17,0,combo_pack:PackB_mirror3rd:seed=037,PackB_mirror3rd,Unknown,STRAIGHT,12,12,1,0,0,0,0,0
2025-12-31,sharepacks,tool_only,sharepacks/2025-12-31/Florida4/candidate_universe__tool_only__baseline_ref_20260121.json,Florida4,2025-12-30,Evening,211,112,17,0,combo_pack:R-perm-4:envelope,R-perm-4,Unknown,STRAIGHT,16,16,1,0,0,0,0,0
2025-12-31,sharepacks,tool_only,sharepacks/2025-12-31/Florida4/candidate_universe__tool_only__baseline_ref_20260121.json,Florida4,2025-12-30,Evening,211,112,17,0,combo_pack:consensus_double_9:trigger=7:keys=038,consensus_double_9,Unknown,MIXED,9,9,1,0,0,0,0,0
2025-12-31,sharepacks,tool_only,sharepacks/2025-12-31/Florida4/candidate_universe__tool_only__baseline_ref_20260121.json,Florida4,2025-12-30,Evening,211,112,17,0,due_doubles:Combined,due_doubles,Combined,BOX,12,12,1,0,0,0,0,0
2025-12-31,sharepacks,tool_only,sharepacks/2025-12-31/Florida4/candidate_universe__tool_only__baseline_ref_20260121.json,Florida4,2025-12-30,Evening,211,112,17,0,due_doubles:Evening,due_doubles,Evening,BOX,12,12,1,0,0,0,0,0
2025-12-31,sharepacks,tool_only,sharepacks/2025-12-31/Florida4/candidate_universe__tool_only__baseline_ref_20260121.json,Florida4,2025-12-30,Evening,211,112,17,0,due_doubles:Midday,due_doubles,Midday,BOX,12,12,1,0,0,0,0,0
2025-12-31,sharepacks,tool_only,sharepacks/2025-12-31/Florida4/candidate_universe__tool_only__baseline_ref_20260121.json,Florida4,2025-12-30,Evening,211,112,17,0,due_doubles_mirror_double:Combined:seed=003,due_doubles_mirror_double,Combined,BOX,6,6,1,0,0,0,0,0
2025-12-31,sharepacks,tool_only,sharepacks/2025-12-31/Florida4/candidate_universe__tool_only__baseline_ref_20260121.json,Florida4,2025-12-30,Evening,211,112,17,0,due_doubles_mirror_double:Evening:seed=003,due_doubles_mirror_double,Evening,BOX,6,6,1,0,0,0,0,0
2025-12-31,sharepacks,tool_only,sharepacks/2025-12-31/Florida4/candidate_universe__tool_only__baseline_ref_20260121.json,Florida4,2025-12-30,Evening,211,112,17,0,due_doubles_mirror_double:Midday:seed=003,due_doubles_mirror_double,Midday,BOX,6,6,1,0,0,0,0,0
2025-12-31,sharepacks,tool_only,sharepacks/2025-12-31/Florida4/candidate_universe__tool_only__baseline_ref_20260121.json,Florida4,2025-12-30,Evening,211,112,17,0,due_doubles_mirror_single:Combined:seed=003,due_doubles_mirror_single,Combined,BOX,6,6,1,0,0,0,0,0
2025-12-31,sharepacks,tool_only,sharepacks/2025-12-31/Florida4/candidate_universe__tool_only__baseline_ref_20260121.json,Florida4,2025-12-30,Evening,211,112,17,0,due_doubles_mirror_single:Evening:seed=003,due_doubles_mirror_single,Evening,BOX,6,6,1,0,0,0,0,0
2025-12-31,sharepacks,tool_only,sharepacks/2025-12-31/Florida4/candidate_universe__tool_only__baseline_ref_20260121.json,Florida4,2025-12-30,Evening,211,112,17,0,due_doubles_mirror_single:Midday:seed=003,due_doubles_mirror_single,Midday,BOX,6,6,1,0,0,0,0,0
2025-12-31,sharepacks,tool_only,sharepacks/2025-12-31/Florida4/candidate_universe__tool_only__baseline_ref_20260121.json,Florida4,2025-12-30,Evening,211,112,17,0,hot_zones_top_triads,hot_zones_top,Unknown,STRAIGHT,8,8,1,0,0,0,0,0
2025-12-31,sharepacks,tool_only,sharepacks/2025-12-31/Florida4/candidate_universe__tool_only__baseline_ref_20260121.json,Florida4,2025-12-30,Evening,211,112,17,0,mirror_pair_closure:pair=1/6,mirror_pair_closure,Unknown,BOX,18,18,1,0,0,0,1,1
2025-12-31,sharepacks,tool_only,sharepacks/2025-12-31/Florida4/candidate_universe__tool_only__baseline_ref_20260121.json,Florida4,2025-12-30,Evening,211,112,17,0,mirror_pair_closure:pair=2/7,mirror_pair_closure,Unknown,BOX,18,18,1,0,0,0,0,0
2025-12-31,sharepacks,tool_only,sharepacks/2025-12-31/Florida4/candidate_universe__tool_only__baseline_ref_20260121.json,Florida4,2025-12-30,Evening,211,112,17,0,stable_top:Combined,stable_top,Combined,BOX,9,9,1,0,0,0,0,0
2025-12-31,sharepacks,tool_only,sharepacks/2025-12-31/Florida4/candidate_universe__tool_only__baseline_ref_20260121.json,Florida4,2025-12-30,Evening,211,112,17,0,stable_top:Evening,stable_top,Evening,BOX,9,9,1,0,0,0,0,0
2025-12-31,sharepacks,tool_only,sharepacks/2025-12-31/Florida4/candidate_universe__tool_only__baseline_ref_20260121.json,Florida4,2025-12-30,Evening,211,112,17,0,stable_top:Midday,stable_top,Midday,BOX,15,15,1,0,0,0,0,0
2025-12-31,sharepacks,tool_only,sharepacks/2025-12-31/Florida4/candidate_universe__tool_only__baseline_ref_20260121.json,Florida4,2025-12-30,Evening,211,112,17,0,vtrac_top_straights,vtrac_enhanced_top,Unknown,STRAIGHT,8,8,1,0,0,0,0,0
2025-12-31,sharepacks,tool_only,sharepacks/2025-12-31/Florida4/candidate_universe__tool_only__baseline_ref_20260121.json,Florida4,2025-12-30,Midday,407,047,12,0,__UNION__,union,Unknown,MIXED,148,148,1,0,0,0,1,1
2025-12-31,sharepacks,tool_only,sharepacks/2025-12-31/Florida4/candidate_universe__tool_only__baseline_ref_20260121.json,Florida4,2025-12-30,Midday,407,047,12,0,aux_positional_shortlist,aux_positional,Unknown,STRAIGHT,10,10,1,0,0,0,1,1
2025-12-31,sharepacks,tool_only,sharepacks/2025-12-31/Florida4/candidate_universe__tool_only__baseline_ref_20260121.json,Florida4,2025-12-30,Midday,407,047,12,0,aux_vtrac_index_overdue:Combined:idx=26,aux_vtrac_index_overdue,Combined,STRAIGHT,6,6,1,0,0,0,0,0
2025-12-31,sharepacks,tool_only,sharepacks/2025-12-31/Florida4/candidate_universe__tool_only__baseline_ref_20260121.json,Florida4,2025-12-30,Midday,407,047,12,0,aux_vtrac_index_overdue:Combined:idx=32,aux_vtrac_index_overdue,Combined,STRAIGHT,6,6,1,0,0,0,0,0
2025-12-31,sharepacks,tool_only,sharepacks/2025-12-31/Florida4/candidate_universe__tool_only__baseline_ref_20260121.json,Florida4,2025-12-30,Midday,407,047,12,0,aux_vtrac_index_overdue:Evening:idx=32,aux_vtrac_index_overdue,Evening,STRAIGHT,6,6,1,0,0,0,0,0
2025-12-31,sharepacks,tool_only,sharepacks/2025-12-31/Florida4/candidate_universe__tool_only__baseline_ref_20260121.json,Florida4,2025-12-30,Midday,407,047,12,0,aux_vtrac_index_overdue:Evening:idx=35,aux_vtrac_index_overdue,Evening,STRAIGHT,6,6,1,0,0,0,0,0
2025-12-31,sharepacks,tool_only,sharepacks/2025-12-31/Florida4/candidate_universe__tool_only__baseline_ref_20260121.json,Florida4,2025-12-30,Midday,407,047,12,0,aux_vtrac_index_overdue:Midday:idx=26,aux_vtrac_index_overdue,Midday,STRAIGHT,6,6,1,0,0,0,0,0
2025-12-31,sharepacks,tool_only,sharepacks/2025-12-31/Florida4/candidate_universe__tool_only__baseline_ref_20260121.json,Florida4,2025-12-30,Midday,407,047,12,0,aux_vtrac_index_overdue:Midday:idx=32,aux_vtrac_index_overdue,Midday,STRAIGHT,6,6,1,0,0,0,0,0
2025-12-31,sharepacks,tool_only,sharepacks/2025-12-31/Florida4/candidate_universe__tool_only__baseline_ref_20260121.json,Florida4,2025-12-30,Midday,407,047,12,0,combo_pack:PackA_vt8:seed=037,PackA_vt8,Unknown,STRAIGHT,8,8,1,0,0,0,0,0
2025-12-31,sharepacks,tool_only,sharepacks/2025-12-31/Florida4/candidate_universe__tool_only__baseline_ref_20260121.json,Florida4,2025-12-30,Midday,407,047,12,0,combo_pack:PackB_mirror3rd:seed=037,PackB_mirror3rd,Unknown,STRAIGHT,12,12,1,0,0,0,0,0
2025-12-31,sharepacks,tool_only,sharepacks/2025-12-31/Florida4/candidate_universe__tool_only__baseline_ref_20260121.json,Florida4,2025-12-30,Midday,407,047,12,0,combo_pack:R-perm-4:envelope,R-perm-4,Unknown,STRAIGHT,16,16,1,0,0,0,0,0
2025-12-31,sharepacks,tool_only,sharepacks/2025-12-31/Florida4/candidate_universe__tool_only__baseline_ref_20260121.json,Florida4,2025-12-30,Midday,407,047,12,0,combo_pack:consensus_double_9:trigger=7:keys=038,consensus_double_9,Unknown,MIXED,9,9,1,0,0,0,0,0
2025-12-31,sharepacks,tool_only,sharepacks/2025-12-31/Florida4/candidate_universe__tool_only__baseline_ref_20260121.json,Florida4,2025-12-30,Midday,407,047,12,0,due_doubles:Combined,due_doubles,Combined,BOX,12,12,1,0,0,0,0,0
2025-12-31,sharepacks,tool_only,sharepacks/2025-12-31/Florida4/candidate_universe__tool_only__baseline_ref_20260121.json,Florida4,2025-12-30,Midday,407,047,12,0,due_doubles:Evening,due_doubles,Evening,BOX,12,12,1,0,0,0,0,0
2025-12-31,sharepacks,tool_only,sharepacks/2025-12-31/Florida4/candidate_universe__tool_only__baseline_ref_20260121.json,Florida4,2025-12-30,Midday,407,047,12,0,due_doubles:Midday,due_doubles,Midday,BOX,12,12,1,0,0,0,0,0
2025-12-31,sharepacks,tool_only,sharepacks/2025-12-31/Florida4/candidate_universe__tool_only__baseline_ref_20260121.json,Florida4,2025-12-30,Midday,407,047,12,0,due_doubles_mirror_double:Combined:seed=003,due_doubles_mirror_double,Combined,BOX,6,6,1,0,0,0,0,0
2025-12-31,sharepacks,tool_only,sharepacks/2025-12-31/Florida4/candidate_universe__tool_only__baseline_ref_20260121.json,Florida4,2025-12-30,Midday,407,047,12,0,due_doubles_mirror_double:Evening:seed=003,due_doubles_mirror_double,Evening,BOX,6,6,1,0,0,0,0,0
2025-12-31,sharepacks,tool_only,sharepacks/2025-12-31/Florida4/candidate_universe__tool_only__baseline_ref_20260121.json,Florida4,2025-12-30,Midday,407,047,12,0,due_doubles_mirror_double:Midday:seed=003,due_doubles_mirror_double,Midday,BOX,6,6,1,0,0,0,0,0
2025-12-31,sharepacks,tool_only,sharepacks/2025-12-31/Florida4/candidate_universe__tool_only__baseline_ref_20260121.json,Florida4,2025-12-30,Midday,407,047,12,0,due_doubles_mirror_single:Combined:seed=003,due_doubles_mirror_single,Combined,BOX,6,6,1,0,0,0,0,0
2025-12-31,sharepacks,tool_only,sharepacks/2025-12-31/Florida4/candidate_universe__tool_only__baseline_ref_20260121.json,Florida4,2025-12-30,Midday,407,047,12,0,due_doubles_mirror_single:Evening:seed=003,due_doubles_mirror_single,Evening,BOX,6,6,1,0,0,0,0,0
2025-12-31,sharepacks,tool_only,sharepacks/2025-12-31/Florida4/candidate_universe__tool_only__baseline_ref_20260121.json,Florida4,2025-12-30,Midday,407,047,12,0,due_doubles_mirror_single:Midday:seed=003,due_doubles_mirror_single,Midday,BOX,6,6,1,0,0,0,0,0
2025-12-31,sharepacks,tool_only,sharepacks/2025-12-31/Florida4/candidate_universe__tool_only__baseline_ref_20260121.json,Florida4,2025-12-30,Midday,407,047,12,0,hot_zones_top_triads,hot_zones_top,Unknown,STRAIGHT,8,8,1,0,0,0,0,0
2025-12-31,sharepacks,tool_only,sharepacks/2025-12-31/Florida4/candidate_universe__tool_only__baseline_ref_20260121.json,Florida4,2025-12-30,Midday,407,047,12,0,mirror_pair_closure:pair=1/6,mirror_pair_closure,Unknown,BOX,18,18,1,0,0,0,0,0
2025-12-31,sharepacks,tool_only,sharepacks/2025-12-31/Florida4/candidate_universe__tool_only__baseline_ref_20260121.json,Florida4,2025-12-30,Midday,407,047,12,0,mirror_pair_closure:pair=2/7,mirror_pair_closure,Unknown,BOX,18,18,1,0,0,0,0,0
2025-12-31,sharepacks,tool_only,sharepacks/2025-12-31/Florida4/candidate_universe__tool_only__baseline_ref_20260121.json,Florida4,2025-12-30,Midday,407,047,12,0,stable_top:Combined,stable_top,Combined,BOX,9,9,1,0,0,0,0,0
2025-12-31,sharepacks,tool_only,sharepacks/2025-12-31/Florida4/candidate_universe__tool_only__baseline_ref_20260121.json,Florida4,2025-12-30,Midday,407,047,12,0,stable_top:Evening,stable_top,Evening,BOX,9,9,1,0,0,0,0,0
2025-12-31,sharepacks,tool_only,sharepacks/2025-12-31/Florida4/candidate_universe__tool_only__baseline_ref_20260121.json,Florida4,2025-12-30,Midday,407,047,12,0,stable_top:Midday,stable_top,Midday,BOX,15,15,1,0,0,0,0,0
2025-12-31,sharepacks,tool_only,sharepacks/2025-12-31/Florida4/candidate_universe__tool_only__baseline_ref_20260121.json,Florida4,2025-12-30,Midday,407,047,12,0,vtrac_top_straights,vtrac_enhanced_top,Unknown,STRAIGHT,8,8,1,0,0,0,0,0
2025-12-31,sharepacks,tool_only,sharepacks/2025-12-31/Indiana4/candidate_universe__tool_only__baseline_ref_20260121.json,Indiana4,2025-12-30,Evening,539,359,14,0,__UNION__,union,Unknown,MIXED,172,172,1,0,0,0,0,0
2025-12-31,sharepacks,tool_only,sharepacks/2025-12-31/Indiana4/candidate_universe__tool_only__baseline_ref_20260121.json,Indiana4,2025-12-30,Evening,539,359,14,0,aux_positional_shortlist,aux_positional,Unknown,STRAIGHT,10,10,1,0,0,0,0,0
2025-12-31,sharepacks,tool_only,sharepacks/2025-12-31/Indiana4/candidate_universe__tool_only__baseline_ref_20260121.json,Indiana4,2025-12-30,Evening,539,359,14,0,aux_vtrac_index_overdue:Combined:idx=16,aux_vtrac_index_overdue,Combined,STRAIGHT,6,6,1,0,0,0,0,0
2025-12-31,sharepacks,tool_only,sharepacks/2025-12-31/Indiana4/candidate_universe__tool_only__baseline_ref_20260121.json,Indiana4,2025-12-30,Evening,539,359,14,0,aux_vtrac_index_overdue:Combined:idx=28,aux_vtrac_index_overdue,Combined,STRAIGHT,24,24,1,0,0,0,0,0
2025-12-31,sharepacks,tool_only,sharepacks/2025-12-31/Indiana4/candidate_universe__tool_only__baseline_ref_20260121.json,Indiana4,2025-12-30,Evening,539,359,14,0,aux_vtrac_index_overdue:Evening:idx=16,aux_vtrac_index_overdue,Evening,STRAIGHT,6,6,1,0,0,0,0,0
2025-12-31,sharepacks,tool_only,sharepacks/2025-12-31/Indiana4/candidate_universe__tool_only__baseline_ref_20260121.json,Indiana4,2025-12-30,Evening,539,359,14,0,aux_vtrac_index_overdue:Evening:idx=23,aux_vtrac_index_overdue,Evening,STRAIGHT,24,24,1,0,0,0,0,0
2025-12-31,sharepacks,tool_only,sharepacks/2025-12-31/Indiana4/candidate_universe__tool_only__baseline_ref_20260121.json,Indiana4,2025-12-30,Evening,539,359,14,0,aux_vtrac_index_overdue:Midday:idx=1,aux_vtrac_index_overdue,Midday,STRAIGHT,6,6,1,0,0,0,0,0
2025-12-31,sharepacks,tool_only,sharepacks/2025-12-31/Indiana4/candidate_universe__tool_only__baseline_ref_20260121.json,Indiana4,2025-12-30,Evening,539,359,14,0,aux_vtrac_index_overdue:Midday:idx=16,aux_vtrac_index_overdue,Midday,STRAIGHT,6,6,1,0,0,0,0,0
2025-12-31,sharepacks,tool_only,sharepacks/2025-12-31/Indiana4/candidate_universe__tool_only__baseline_ref_20260121.json,Indiana4,2025-12-30,Evening,539,359,14,0,combo_pack:PackA_vt8:seed=026,PackA_vt8,Unknown,STRAIGHT,8,8,1,0,0,0,0,0
2025-12-31,sharepacks,tool_only,sharepacks/2025-12-31/Indiana4/candidate_universe__tool_only__baseline_ref_20260121.json,Indiana4,2025-12-30,Evening,539,359,14,0,combo_pack:PackB_mirror3rd:seed=026,PackB_mirror3rd,Unknown,STRAIGHT,12,12,1,0,0,0,0,0
2025-12-31,sharepacks,tool_only,sharepacks/2025-12-31/Indiana4/candidate_universe__tool_only__baseline_ref_20260121.json,Indiana4,2025-12-30,Evening,539,359,14,0,combo_pack:R-perm-4:envelope,R-perm-4,Unknown,STRAIGHT,16,16,1,0,0,0,0,0
2025-12-31,sharepacks,tool_only,sharepacks/2025-12-31/Indiana4/candidate_universe__tool_only__baseline_ref_20260121.json,Indiana4,2025-12-30,Evening,539,359,14,0,combo_pack:consensus_double_9:trigger=6:keys=207,consensus_double_9,Unknown,MIXED,9,9,1,0,0,0,0,0
2025-12-31,sharepacks,tool_only,sharepacks/2025-12-31/Indiana4/candidate_universe__tool_only__baseline_ref_20260121.json,Indiana4,2025-12-30,Evening,539,359,14,0,due_doubles:Combined,due_doubles,Combined,BOX,12,12,1,0,0,0,0,0
2025-12-31,sharepacks,tool_only,sharepacks/2025-12-31/Indiana4/candidate_universe__tool_only__baseline_ref_20260121.json,Indiana4,2025-12-30,Evening,539,359,14,0,due_doubles:Evening,due_doubles,Evening,BOX,12,12,1,0,0,0,0,0
2025-12-31,sharepacks,tool_only,sharepacks/2025-12-31/Indiana4/candidate_universe__tool_only__baseline_ref_20260121.json,Indiana4,2025-12-30,Evening,539,359,14,0,due_doubles:Midday,due_doubles,Midday,BOX,12,12,1,0,0,0,0,0
2025-12-31,sharepacks,tool_only,sharepacks/2025-12-31/Indiana4/candidate_universe__tool_only__baseline_ref_20260121.json,Indiana4,2025-12-30,Evening,539,359,14,0,due_doubles_mirror_double:Combined:seed=002,due_doubles_mirror_double,Combined,BOX,6,6,1,0,0,0,0,0
2025-12-31,sharepacks,tool_only,sharepacks/2025-12-31/Indiana4/candidate_universe__tool_only__baseline_ref_20260121.json,Indiana4,2025-12-30,Evening,539,359,14,0,due_doubles_mirror_double:Evening:seed=002,due_doubles_mirror_double,Evening,BOX,6,6,1,0,0,0,0,0
2025-12-31,sharepacks,tool_only,sharepacks/2025-12-31/Indiana4/candidate_universe__tool_only__baseline_ref_20260121.json,Indiana4,2025-12-30,Evening,539,359,14,0,due_doubles_mirror_double:Midday:seed=002,due_doubles_mirror_double,Midday,BOX,6,6,1,0,0,0,0,0
2025-12-31,sharepacks,tool_only,sharepacks/2025-12-31/Indiana4/candidate_universe__tool_only__baseline_ref_20260121.json,Indiana4,2025-12-30,Evening,539,359,14,0,due_doubles_mirror_single:Combined:seed=002,due_doubles_mirror_single,Combined,BOX,6,6,1,0,0,0,0,0
2025-12-31,sharepacks,tool_only,sharepacks/2025-12-31/Indiana4/candidate_universe__tool_only__baseline_ref_20260121.json,Indiana4,2025-12-30,Evening,539,359,14,0,due_doubles_mirror_single:Evening:seed=002,due_doubles_mirror_single,Evening,BOX,6,6,1,0,0,0,0,0
2025-12-31,sharepacks,tool_only,sharepacks/2025-12-31/Indiana4/candidate_universe__tool_only__baseline_ref_20260121.json,Indiana4,2025-12-30,Evening,539,359,14,0,due_doubles_mirror_single:Midday:seed=002,due_doubles_mirror_single,Midday,BOX,6,6,1,0,0,0,0,0
2025-12-31,sharepacks,tool_only,sharepacks/2025-12-31/Indiana4/candidate_universe__tool_only__baseline_ref_20260121.json,Indiana4,2025-12-30,Evening,539,359,14,0,hot_zones_top_triads,hot_zones_top,Unknown,STRAIGHT,8,8,1,0,0,0,0,0
2025-12-31,sharepacks,tool_only,sharepacks/2025-12-31/Indiana4/candidate_universe__tool_only__baseline_ref_20260121.json,Indiana4,2025-12-30,Evening,539,359,14,0,mirror_pair_closure:pair=1/6,mirror_pair_closure,Unknown,BOX,18,18,1,0,0,0,0,0
2025-12-31,sharepacks,tool_only,sharepacks/2025-12-31/Indiana4/candidate_universe__tool_only__baseline_ref_20260121.json,Indiana4,2025-12-30,Evening,539,359,14,0,mirror_pair_closure:pair=3/8,mirror_pair_closure,Unknown,BOX,18,18,1,0,0,0,0,0
2025-12-31,sharepacks,tool_only,sharepacks/2025-12-31/Indiana4/candidate_universe__tool_only__baseline_ref_20260121.json,Indiana4,2025-12-30,Evening,539,359,14,0,stable_top:Combined,stable_top,Combined,BOX,9,9,1,0,0,0,0,0
2025-12-31,sharepacks,tool_only,sharepacks/2025-12-31/Indiana4/candidate_universe__tool_only__baseline_ref_20260121.json,Indiana4,2025-12-30,Evening,539,359,14,0,stable_top:Evening,stable_top,Evening,BOX,9,9,1,0,0,0,0,0
2025-12-31,sharepacks,tool_only,sharepacks/2025-12-31/Indiana4/candidate_universe__tool_only__baseline_ref_20260121.json,Indiana4,2025-12-30,Evening,539,359,14,0,stable_top:Midday,stable_top,Midday,BOX,9,9,1,0,0,0,0,0
2025-12-31,sharepacks,tool_only,sharepacks/2025-12-31/Indiana4/candidate_universe__tool_only__baseline_ref_20260121.json,Indiana4,2025-12-30,Evening,539,359,14,0,vtrac_top_straights,vtrac_enhanced_top,Unknown,STRAIGHT,8,8,1,0,0,0,0,0
2025-12-31,sharepacks,tool_only,sharepacks/2025-12-31/Indiana4/candidate_universe__tool_only__baseline_ref_20260121.json,Indiana4,2025-12-30,Midday,204,024,12,0,__UNION__,union,Unknown,MIXED,172,172,1,0,0,0,0,0
2025-12-31,sharepacks,tool_only,sharepacks/2025-12-31/Indiana4/candidate_universe__tool_only__baseline_ref_20260121.json,Indiana4,2025-12-30,Midday,204,024,12,0,aux_positional_shortlist,aux_positional,Unknown,STRAIGHT,10,10,1,0,0,0,0,0
2025-12-31,sharepacks,tool_only,sharepacks/2025-12-31/Indiana4/candidate_universe__tool_only__baseline_ref_20260121.json,Indiana4,2025-12-30,Midday,204,024,12,0,aux_vtrac_index_overdue:Combined:idx=16,aux_vtrac_index_overdue,Combined,STRAIGHT,6,6,1,0,0,0,0,0
2025-12-31,sharepacks,tool_only,sharepacks/2025-12-31/Indiana4/candidate_universe__tool_only__baseline_ref_20260121.json,Indiana4,2025-12-30,Midday,204,024,12,0,aux_vtrac_index_overdue:Combined:idx=28,aux_vtrac_index_overdue,Combined,STRAIGHT,24,24,1,0,0,0,0,0
2025-12-31,sharepacks,tool_only,sharepacks/2025-12-31/Indiana4/candidate_universe__tool_only__baseline_ref_20260121.json,Indiana4,2025-12-30,Midday,204,024,12,0,aux_vtrac_index_overdue:Evening:idx=16,aux_vtrac_index_overdue,Evening,STRAIGHT,6,6,1,0,0,0,0,0
2025-12-31,sharepacks,tool_only,sharepacks/2025-12-31/Indiana4/candidate_universe__tool_only__baseline_ref_20260121.json,Indiana4,2025-12-30,Midday,204,024,12,0,aux_vtrac_index_overdue:Evening:idx=23,aux_vtrac_index_overdue,Evening,STRAIGHT,24,24,1,0,0,0,0,0
2025-12-31,sharepacks,tool_only,sharepacks/2025-12-31/Indiana4/candidate_universe__tool_only__baseline_ref_20260121.json,Indiana4,2025-12-30,Midday,204,024,12,0,aux_vtrac_index_overdue:Midday:idx=1,aux_vtrac_index_overdue,Midday,STRAIGHT,6,6,1,0,0,0,0,0
2025-12-31,sharepacks,tool_only,sharepacks/2025-12-31/Indiana4/candidate_universe__tool_only__baseline_ref_20260121.json,Indiana4,2025-12-30,Midday,204,024,12,0,aux_vtrac_index_overdue:Midday:idx=16,aux_vtrac_index_overdue,Midday,STRAIGHT,6,6,1,0,0,0,0,0
2025-12-31,sharepacks,tool_only,sharepacks/2025-12-31/Indiana4/candidate_universe__tool_only__baseline_ref_20260121.json,Indiana4,2025-12-30,Midday,204,024,12,0,combo_pack:PackA_vt8:seed=026,PackA_vt8,Unknown,STRAIGHT,8,8,1,0,0,0,0,0
2025-12-31,sharepacks,tool_only,sharepacks/2025-12-31/Indiana4/candidate_universe__tool_only__baseline_ref_20260121.json,Indiana4,2025-12-30,Midday,204,024,12,0,combo_pack:PackB_mirror3rd:seed=026,PackB_mirror3rd,Unknown,STRAIGHT,12,12,1,0,0,0,0,0
2025-12-31,sharepacks,tool_only,sharepacks/2025-12-31/Indiana4/candidate_universe__tool_only__baseline_ref_20260121.json,Indiana4,2025-12-30,Midday,204,024,12,0,combo_pack:R-perm-4:envelope,R-perm-4,Unknown,STRAIGHT,16,16,1,0,0,0,0,0
2025-12-31,sharepacks,tool_only,sharepacks/2025-12-31/Indiana4/candidate_universe__tool_only__baseline_ref_20260121.json,Indiana4,2025-12-30,Midday,204,024,12,0,combo_pack:consensus_double_9:trigger=6:keys=207,consensus_double_9,Unknown,MIXED,9,9,1,0,0,0,0,0
2025-12-31,sharepacks,tool_only,sharepacks/2025-12-31/Indiana4/candidate_universe__tool_only__baseline_ref_20260121.json,Indiana4,2025-12-30,Midday,204,024,12,0,due_doubles:Combined,due_doubles,Combined,BOX,12,12,1,0,0,0,0,0
2025-12-31,sharepacks,tool_only,sharepacks/2025-12-31/Indiana4/candidate_universe__tool_only__baseline_ref_20260121.json,Indiana4,2025-12-30,Midday,204,024,12,0,due_doubles:Evening,due_doubles,Evening,BOX,12,12,1,0,0,0,0,0
2025-12-31,sharepacks,tool_only,sharepacks/2025-12-31/Indiana4/candidate_universe__tool_only__baseline_ref_20260121.json,Indiana4,2025-12-30,Midday,204,024,12,0,due_doubles:Midday,due_doubles,Midday,BOX,12,12,1,0,0,0,0,0
2025-12-31,sharepacks,tool_only,sharepacks/2025-12-31/Indiana4/candidate_universe__tool_only__baseline_ref_20260121.json,Indiana4,2025-12-30,Midday,204,024,12,0,due_doubles_mirror_double:Combined:seed=002,due_doubles_mirror_double,Combined,BOX,6,6,1,0,0,0,0,0
2025-12-31,sharepacks,tool_only,sharepacks/2025-12-31/Indiana4/candidate_universe__tool_only__baseline_ref_20260121.json,Indiana4,2025-12-30,Midday,204,024,12,0,due_doubles_mirror_double:Evening:seed=002,due_doubles_mirror_double,Evening,BOX,6,6,1,0,0,0,0,0
2025-12-31,sharepacks,tool_only,sharepacks/2025-12-31/Indiana4/candidate_universe__tool_only__baseline_ref_20260121.json,Indiana4,2025-12-30,Midday,204,024,12,0,due_doubles_mirror_double:Midday:seed=002,due_doubles_mirror_double,Midday,BOX,6,6,1,0,0,0,0,0
2025-12-31,sharepacks,tool_only,sharepacks/2025-12-31/Indiana4/candidate_universe__tool_only__baseline_ref_20260121.json,Indiana4,2025-12-30,Midday,204,024,12,0,due_doubles_mirror_single:Combined:seed=002,due_doubles_mirror_single,Combined,BOX,6,6,1,0,0,0,0,0
2025-12-31,sharepacks,tool_only,sharepacks/2025-12-31/Indiana4/candidate_universe__tool_only__baseline_ref_20260121.json,Indiana4,2025-12-30,Midday,204,024,12,0,due_doubles_mirror_single:Evening:seed=002,due_doubles_mirror_single,Evening,BOX,6,6,1,0,0,0,0,0
2025-12-31,sharepacks,tool_only,sharepacks/2025-12-31/Indiana4/candidate_universe__tool_only__baseline_ref_20260121.json,Indiana4,2025-12-30,Midday,204,024,12,0,due_doubles_mirror_single:Midday:seed=002,due_doubles_mirror_single,Midday,BOX,6,6,1,0,0,0,0,0
2025-12-31,sharepacks,tool_only,sharepacks/2025-12-31/Indiana4/candidate_universe__tool_only__baseline_ref_20260121.json,Indiana4,2025-12-30,Midday,204,024,12,0,hot_zones_top_triads,hot_zones_top,Unknown,STRAIGHT,8,8,1,0,0,0,0,0
2025-12-31,sharepacks,tool_only,sharepacks/2025-12-31/Indiana4/candidate_universe__tool_only__baseline_ref_20260121.json,Indiana4,2025-12-30,Midday,204,024,12,0,mirror_pair_closure:pair=1/6,mirror_pair_closure,Unknown,BOX,18,18,1,0,0,0,0,0
2025-12-31,sharepacks,tool_only,sharepacks/2025-12-31/Indiana4/candidate_universe__tool_only__baseline_ref_20260121.json,Indiana4,2025-12-30,Midday,204,024,12,0,mirror_pair_closure:pair=3/8,mirror_pair_closure,Unknown,BOX,18,18,1,0,0,0,0,0
2025-12-31,sharepacks,tool_only,sharepacks/2025-12-31/Indiana4/candidate_universe__tool_only__baseline_ref_20260121.json,Indiana4,2025-12-30,Midday,204,024,12,0,stable_top:Combined,stable_top,Combined,BOX,9,9,1,0,0,0,0,0
2025-12-31,sharepacks,tool_only,sharepacks/2025-12-31/Indiana4/candidate_universe__tool_only__baseline_ref_20260121.json,Indiana4,2025-12-30,Midday,204,024,12,0,stable_top:Evening,stable_top,Evening,BOX,9,9,1,0,0,0,0,0
2025-12-31,sharepacks,tool_only,sharepacks/2025-12-31/Indiana4/candidate_universe__tool_only__baseline_ref_20260121.json,Indiana4,2025-12-30,Midday,204,024,12,0,stable_top:Midday,stable_top,Midday,BOX,9,9,1,0,0,0,0,0
2025-12-31,sharepacks,tool_only,sharepacks/2025-12-31/Indiana4/candidate_universe__tool_only__baseline_ref_20260121.json,Indiana4,2025-12-30,Midday,204,024,12,0,vtrac_top_straights,vtrac_enhanced_top,Unknown,STRAIGHT,8,8,1,0,0,0,0,0
2025-12-31,sharepacks,tool_only,sharepacks/2025-12-31/Michigan4/candidate_universe__tool_only__baseline_ref_20260121.json,Michigan4,2025-12-30,Evening,477,477,28,0,__UNION__,union,Unknown,MIXED,153,153,1,0,0,0,0,0
2025-12-31,sharepacks,tool_only,sharepacks/2025-12-31/Michigan4/candidate_universe__tool_only__baseline_ref_20260121.json,Michigan4,2025-12-30,Evening,477,477,28,0,aux_positional_shortlist,aux_positional,Unknown,STRAIGHT,10,10,1,0,0,0,0,0
2025-12-31,sharepacks,tool_only,sharepacks/2025-12-31/Michigan4/candidate_universe__tool_only__baseline_ref_20260121.json,Michigan4,2025-12-30,Evening,477,477,28,0,aux_vtrac_index_overdue:Combined:idx=32,aux_vtrac_index_overdue,Combined,STRAIGHT,6,6,1,0,0,0,0,0
2025-12-31,sharepacks,tool_only,sharepacks/2025-12-31/Michigan4/candidate_universe__tool_only__baseline_ref_20260121.json,Michigan4,2025-12-30,Evening,477,477,28,0,aux_vtrac_index_overdue:Combined:idx=35,aux_vtrac_index_overdue,Combined,STRAIGHT,6,6,1,0,0,0,0,0
2025-12-31,sharepacks,tool_only,sharepacks/2025-12-31/Michigan4/candidate_universe__tool_only__baseline_ref_20260121.json,Michigan4,2025-12-30,Evening,477,477,28,0,aux_vtrac_index_overdue:Evening:idx=32,aux_vtrac_index_overdue,Evening,STRAIGHT,6,6,1,0,0,0,0,0
2025-12-31,sharepacks,tool_only,sharepacks/2025-12-31/Michigan4/candidate_universe__tool_only__baseline_ref_20260121.json,Michigan4,2025-12-30,Evening,477,477,28,0,aux_vtrac_index_overdue:Evening:idx=35,aux_vtrac_index_overdue,Evening,STRAIGHT,6,6,1,0,0,0,0,0
2025-12-31,sharepacks,tool_only,sharepacks/2025-12-31/Michigan4/candidate_universe__tool_only__baseline_ref_20260121.json,Michigan4,2025-12-30,Evening,477,477,28,0,aux_vtrac_index_overdue:Midday:idx=26,aux_vtrac_index_overdue,Midday,STRAIGHT,6,6,1,0,0,0,0,0
2025-12-31,sharepacks,tool_only,sharepacks/2025-12-31/Michigan4/candidate_universe__tool_only__baseline_ref_20260121.json,Michigan4,2025-12-30,Evening,477,477,28,0,aux_vtrac_index_overdue:Midday:idx=35,aux_vtrac_index_overdue,Midday,STRAIGHT,6,6,1,0,0,0,0,0
2025-12-31,sharepacks,tool_only,sharepacks/2025-12-31/Michigan4/candidate_universe__tool_only__baseline_ref_20260121.json,Michigan4,2025-12-30,Evening,477,477,28,0,combo_pack:PackA_vt8:seed=123,PackA_vt8,Unknown,STRAIGHT,8,8,1,0,0,0,0,0
2025-12-31,sharepacks,tool_only,sharepacks/2025-12-31/Michigan4/candidate_universe__tool_only__baseline_ref_20260121.json,Michigan4,2025-12-30,Evening,477,477,28,0,combo_pack:PackB_mirror3rd:seed=123,PackB_mirror3rd,Unknown,STRAIGHT,12,12,1,0,0,0,0,0
2025-12-31,sharepacks,tool_only,sharepacks/2025-12-31/Michigan4/candidate_universe__tool_only__baseline_ref_20260121.json,Michigan4,2025-12-30,Evening,477,477,28,0,combo_pack:R-perm-4:envelope,R-perm-4,Unknown,STRAIGHT,16,16,1,0,0,0,0,0
2025-12-31,sharepacks,tool_only,sharepacks/2025-12-31/Michigan4/candidate_universe__tool_only__baseline_ref_20260121.json,Michigan4,2025-12-30,Evening,477,477,28,0,combo_pack:consensus_double_9:trigger=5:keys=139,consensus_double_9,Unknown,MIXED,9,9,1,0,0,0,0,0
2025-12-31,sharepacks,tool_only,sharepacks/2025-12-31/Michigan4/candidate_universe__tool_only__baseline_ref_20260121.json,Michigan4,2025-12-30,Evening,477,477,28,0,due_doubles:Combined,due_doubles,Combined,BOX,12,12,1,0,0,0,0,0
2025-12-31,sharepacks,tool_only,sharepacks/2025-12-31/Michigan4/candidate_universe__tool_only__baseline_ref_20260121.json,Michigan4,2025-12-30,Evening,477,477,28,0,due_doubles:Evening,due_doubles,Evening,BOX,12,12,1,0,0,0,0,0
2025-12-31,sharepacks,tool_only,sharepacks/2025-12-31/Michigan4/candidate_universe__tool_only__baseline_ref_20260121.json,Michigan4,2025-12-30,Evening,477,477,28,0,due_doubles:Midday,due_doubles,Midday,BOX,12,12,1,0,0,0,0,0
2025-12-31,sharepacks,tool_only,sharepacks/2025-12-31/Michigan4/candidate_universe__tool_only__baseline_ref_20260121.json,Michigan4,2025-12-30,Evening,477,477,28,0,due_doubles_mirror_double:Combined:seed=112,due_doubles_mirror_double,Combined,BOX,6,6,1,0,0,0,0,0
2025-12-31,sharepacks,tool_only,sharepacks/2025-12-31/Michigan4/candidate_universe__tool_only__baseline_ref_20260121.json,Michigan4,2025-12-30,Evening,477,477,28,0,due_doubles_mirror_double:Evening:seed=112,due_doubles_mirror_double,Evening,BOX,6,6,1,0,0,0,0,0
2025-12-31,sharepacks,tool_only,sharepacks/2025-12-31/Michigan4/candidate_universe__tool_only__baseline_ref_20260121.json,Michigan4,2025-12-30,Evening,477,477,28,0,due_doubles_mirror_double:Midday:seed=112,due_doubles_mirror_double,Midday,BOX,6,6,1,0,0,0,0,0
2025-12-31,sharepacks,tool_only,sharepacks/2025-12-31/Michigan4/candidate_universe__tool_only__baseline_ref_20260121.json,Michigan4,2025-12-30,Evening,477,477,28,0,due_doubles_mirror_single:Combined:seed=112,due_doubles_mirror_single,Combined,BOX,6,6,1,0,0,0,0,0
2025-12-31,sharepacks,tool_only,sharepacks/2025-12-31/Michigan4/candidate_universe__tool_only__baseline_ref_20260121.json,Michigan4,2025-12-30,Evening,477,477,28,0,due_doubles_mirror_single:Evening:seed=112,due_doubles_mirror_single,Evening,BOX,6,6,1,0,0,0,0,0
2025-12-31,sharepacks,tool_only,sharepacks/2025-12-31/Michigan4/candidate_universe__tool_only__baseline_ref_20260121.json,Michigan4,2025-12-30,Evening,477,477,28,0,due_doubles_mirror_single:Midday:seed=112,due_doubles_mirror_single,Midday,BOX,6,6,1,0,0,0,0,0
2025-12-31,sharepacks,tool_only,sharepacks/2025-12-31/Michigan4/candidate_universe__tool_only__baseline_ref_20260121.json,Michigan4,2025-12-30,Evening,477,477,28,0,hot_zones_top_triads,hot_zones_top,Unknown,STRAIGHT,8,8,1,0,0,0,0,0
2025-12-31,sharepacks,tool_only,sharepacks/2025-12-31/Michigan4/candidate_universe__tool_only__baseline_ref_20260121.json,Michigan4,2025-12-30,Evening,477,477,28,0,mirror_pair_closure:pair=0/5,mirror_pair_closure,Unknown,BOX,18,18,1,0,0,0,0,0
2025-12-31,sharepacks,tool_only,sharepacks/2025-12-31/Michigan4/candidate_universe__tool_only__baseline_ref_20260121.json,Michigan4,2025-12-30,Evening,477,477,28,0,mirror_pair_closure:pair=3/8,mirror_pair_closure,Unknown,BOX,18,18,1,0,0,0,0,0
2025-12-31,sharepacks,tool_only,sharepacks/2025-12-31/Michigan4/candidate_universe__tool_only__baseline_ref_20260121.json,Michigan4,2025-12-30,Evening,477,477,28,0,stable_top:Combined,stable_top,Combined,BOX,15,15,1,0,0,0,0,0
2025-12-31,sharepacks,tool_only,sharepacks/2025-12-31/Michigan4/candidate_universe__tool_only__baseline_ref_20260121.json,Michigan4,2025-12-30,Evening,477,477,28,0,stable_top:Evening,stable_top,Evening,BOX,9,9,1,0,0,0,0,0
2025-12-31,sharepacks,tool_only,sharepacks/2025-12-31/Michigan4/candidate_universe__tool_only__baseline_ref_20260121.json,Michigan4,2025-12-30,Evening,477,477,28,0,stable_top:Midday,stable_top,Midday,BOX,9,9,1,0,0,0,0,0
2025-12-31,sharepacks,tool_only,sharepacks/2025-12-31/Michigan4/candidate_universe__tool_only__baseline_ref_20260121.json,Michigan4,2025-12-30,Evening,477,477,28,0,vtrac_top_straights,vtrac_enhanced_top,Unknown,STRAIGHT,8,8,1,0,0,0,0,0
2025-12-31,sharepacks,tool_only,sharepacks/2025-12-31/Michigan4/candidate_universe__tool_only__baseline_ref_20260121.json,Michigan4,2025-12-30,Midday,583,358,13,0,__UNION__,union,Unknown,MIXED,153,153,1,1,1,1,1,0
2025-12-31,sharepacks,tool_only,sharepacks/2025-12-31/Michigan4/candidate_universe__tool_only__baseline_ref_20260121.json,Michigan4,2025-12-30,Midday,583,358,13,0,aux_positional_shortlist,aux_positional,Unknown,STRAIGHT,10,10,1,0,0,0,0,0
2025-12-31,sharepacks,tool_only,sharepacks/2025-12-31/Michigan4/candidate_universe__tool_only__baseline_ref_20260121.json,Michigan4,2025-12-30,Midday,583,358,13,0,aux_vtrac_index_overdue:Combined:idx=32,aux_vtrac_index_overdue,Combined,STRAIGHT,6,6,1,0,0,0,0,0
2025-12-31,sharepacks,tool_only,sharepacks/2025-12-31/Michigan4/candidate_universe__tool_only__baseline_ref_20260121.json,Michigan4,2025-12-30,Midday,583,358,13,0,aux_vtrac_index_overdue:Combined:idx=35,aux_vtrac_index_overdue,Combined,STRAIGHT,6,6,1,0,0,0,0,0
2025-12-31,sharepacks,tool_only,sharepacks/2025-12-31/Michigan4/candidate_universe__tool_only__baseline_ref_20260121.json,Michigan4,2025-12-30,Midday,583,358,13,0,aux_vtrac_index_overdue:Evening:idx=32,aux_vtrac_index_overdue,Evening,STRAIGHT,6,6,1,0,0,0,0,0
2025-12-31,sharepacks,tool_only,sharepacks/2025-12-31/Michigan4/candidate_universe__tool_only__baseline_ref_20260121.json,Michigan4,2025-12-30,Midday,583,358,13,0,aux_vtrac_index_overdue:Evening:idx=35,aux_vtrac_index_overdue,Evening,STRAIGHT,6,6,1,0,0,0,0,0
2025-12-31,sharepacks,tool_only,sharepacks/2025-12-31/Michigan4/candidate_universe__tool_only__baseline_ref_20260121.json,Michigan4,2025-12-30,Midday,583,358,13,0,aux_vtrac_index_overdue:Midday:idx=26,aux_vtrac_index_overdue,Midday,STRAIGHT,6,6,1,0,0,0,0,0
2025-12-31,sharepacks,tool_only,sharepacks/2025-12-31/Michigan4/candidate_universe__tool_only__baseline_ref_20260121.json,Michigan4,2025-12-30,Midday,583,358,13,0,aux_vtrac_index_overdue:Midday:idx=35,aux_vtrac_index_overdue,Midday,STRAIGHT,6,6,1,0,0,0,0,0
2025-12-31,sharepacks,tool_only,sharepacks/2025-12-31/Michigan4/candidate_universe__tool_only__baseline_ref_20260121.json,Michigan4,2025-12-30,Midday,583,358,13,0,combo_pack:PackA_vt8:seed=123,PackA_vt8,Unknown,STRAIGHT,8,8,1,0,0,0,0,0
2025-12-31,sharepacks,tool_only,sharepacks/2025-12-31/Michigan4/candidate_universe__tool_only__baseline_ref_20260121.json,Michigan4,2025-12-30,Midday,583,358,13,0,combo_pack:PackB_mirror3rd:seed=123,PackB_mirror3rd,Unknown,STRAIGHT,12,12,1,0,0,0,0,0
2025-12-31,sharepacks,tool_only,sharepacks/2025-12-31/Michigan4/candidate_universe__tool_only__baseline_ref_20260121.json,Michigan4,2025-12-30,Midday,583,358,13,0,combo_pack:R-perm-4:envelope,R-perm-4,Unknown,STRAIGHT,16,16,1,0,0,0,0,0
2025-12-31,sharepacks,tool_only,sharepacks/2025-12-31/Michigan4/candidate_universe__tool_only__baseline_ref_20260121.json,Michigan4,2025-12-30,Midday,583,358,13,0,combo_pack:consensus_double_9:trigger=5:keys=139,consensus_double_9,Unknown,MIXED,9,9,1,0,0,0,0,0
2025-12-31,sharepacks,tool_only,sharepacks/2025-12-31/Michigan4/candidate_universe__tool_only__baseline_ref_20260121.json,Michigan4,2025-12-30,Midday,583,358,13,0,due_doubles:Combined,due_doubles,Combined,BOX,12,12,1,0,0,0,0,0
2025-12-31,sharepacks,tool_only,sharepacks/2025-12-31/Michigan4/candidate_universe__tool_only__baseline_ref_20260121.json,Michigan4,2025-12-30,Midday,583,358,13,0,due_doubles:Evening,due_doubles,Evening,BOX,12,12,1,0,0,0,0,0
2025-12-31,sharepacks,tool_only,sharepacks/2025-12-31/Michigan4/candidate_universe__tool_only__baseline_ref_20260121.json,Michigan4,2025-12-30,Midday,583,358,13,0,due_doubles:Midday,due_doubles,Midday,BOX,12,12,1,0,0,0,0,0
2025-12-31,sharepacks,tool_only,sharepacks/2025-12-31/Michigan4/candidate_universe__tool_only__baseline_ref_20260121.json,Michigan4,2025-12-30,Midday,583,358,13,0,due_doubles_mirror_double:Combined:seed=112,due_doubles_mirror_double,Combined,BOX,6,6,1,0,0,0,0,0
2025-12-31,sharepacks,tool_only,sharepacks/2025-12-31/Michigan4/candidate_universe__tool_only__baseline_ref_20260121.json,Michigan4,2025-12-30,Midday,583,358,13,0,due_doubles_mirror_double:Evening:seed=112,due_doubles_mirror_double,Evening,BOX,6,6,1,0,0,0,0,0
2025-12-31,sharepacks,tool_only,sharepacks/2025-12-31/Michigan4/candidate_universe__tool_only__baseline_ref_20260121.json,Michigan4,2025-12-30,Midday,583,358,13,0,due_doubles_mirror_double:Midday:seed=112,due_doubles_mirror_double,Midday,BOX,6,6,1,0,0,0,0,0
2025-12-31,sharepacks,tool_only,sharepacks/2025-12-31/Michigan4/candidate_universe__tool_only__baseline_ref_20260121.json,Michigan4,2025-12-30,Midday,583,358,13,0,due_doubles_mirror_single:Combined:seed=112,due_doubles_mirror_single,Combined,BOX,6,6,1,0,0,0,0,0
2025-12-31,sharepacks,tool_only,sharepacks/2025-12-31/Michigan4/candidate_universe__tool_only__baseline_ref_20260121.json,Michigan4,2025-12-30,Midday,583,358,13,0,due_doubles_mirror_single:Evening:seed=112,due_doubles_mirror_single,Evening,BOX,6,6,1,0,0,0,0,0
2025-12-31,sharepacks,tool_only,sharepacks/2025-12-31/Michigan4/candidate_universe__tool_only__baseline_ref_20260121.json,Michigan4,2025-12-30,Midday,583,358,13,0,due_doubles_mirror_single:Midday:seed=112,due_doubles_mirror_single,Midday,BOX,6,6,1,0,0,0,0,0
2025-12-31,sharepacks,tool_only,sharepacks/2025-12-31/Michigan4/candidate_universe__tool_only__baseline_ref_20260121.json,Michigan4,2025-12-30,Midday,583,358,13,0,hot_zones_top_triads,hot_zones_top,Unknown,STRAIGHT,8,8,1,0,0,0,1,1
2025-12-31,sharepacks,tool_only,sharepacks/2025-12-31/Michigan4/candidate_universe__tool_only__baseline_ref_20260121.json,Michigan4,2025-12-30,Midday,583,358,13,0,mirror_pair_closure:pair=0/5,mirror_pair_closure,Unknown,BOX,18,18,1,0,0,0,0,0
2025-12-31,sharepacks,tool_only,sharepacks/2025-12-31/Michigan4/candidate_universe__tool_only__baseline_ref_20260121.json,Michigan4,2025-12-30,Midday,583,358,13,0,mirror_pair_closure:pair=3/8,mirror_pair_closure,Unknown,BOX,18,18,1,1,1,1,1,0
2025-12-31,sharepacks,tool_only,sharepacks/2025-12-31/Michigan4/candidate_universe__tool_only__baseline_ref_20260121.json,Michigan4,2025-12-30,Midday,583,358,13,0,stable_top:Combined,stable_top,Combined,BOX,15,15,1,0,0,0,0,0
2025-12-31,sharepacks,tool_only,sharepacks/2025-12-31/Michigan4/candidate_universe__tool_only__baseline_ref_20260121.json,Michigan4,2025-12-30,Midday,583,358,13,0,stable_top:Evening,stable_top,Evening,BOX,9,9,1,0,0,0,1,1
2025-12-31,sharepacks,tool_only,sharepacks/2025-12-31/Michigan4/candidate_universe__tool_only__baseline_ref_20260121.json,Michigan4,2025-12-30,Midday,583,358,13,0,stable_top:Midday,stable_top,Midday,BOX,9,9,1,0,0,0,0,0
2025-12-31,sharepacks,tool_only,sharepacks/2025-12-31/Michigan4/candidate_universe__tool_only__baseline_ref_20260121.json,Michigan4,2025-12-30,Midday,583,358,13,0,vtrac_top_straights,vtrac_enhanced_top,Unknown,STRAIGHT,8,8,1,0,0,0,0,0
2025-12-31,sharepacks,tool_only,sharepacks/2025-12-31/NewJersey4/candidate_universe__tool_only__baseline_ref_20260121.json,NewJersey4,2025-12-30,Evening,418,148,24,0,__UNION__,union,Unknown,MIXED,136,136,1,0,0,0,1,1
2025-12-31,sharepacks,tool_only,sharepacks/2025-12-31/NewJersey4/candidate_universe__tool_only__baseline_ref_20260121.json,NewJersey4,2025-12-30,Evening,418,148,24,0,aux_positional_shortlist,aux_positional,Unknown,STRAIGHT,10,10,1,0,0,0,1,1
2025-12-31,sharepacks,tool_only,sharepacks/2025-12-31/NewJersey4/candidate_universe__tool_only__baseline_ref_20260121.json,NewJersey4,2025-12-30,Evening,418,148,24,0,aux_vtrac_index_overdue:Combined:idx=26,aux_vtrac_index_overdue,Combined,STRAIGHT,6,6,1,0,0,0,0,0
2025-12-31,sharepacks,tool_only,sharepacks/2025-12-31/NewJersey4/candidate_universe__tool_only__baseline_ref_20260121.json,NewJersey4,2025-12-30,Evening,418,148,24,0,aux_vtrac_index_overdue:Combined:idx=35,aux_vtrac_index_overdue,Combined,STRAIGHT,6,6,1,0,0,0,0,0
2025-12-31,sharepacks,tool_only,sharepacks/2025-12-31/NewJersey4/candidate_universe__tool_only__baseline_ref_20260121.json,NewJersey4,2025-12-30,Evening,418,148,24,0,aux_vtrac_index_overdue:Evening:idx=26,aux_vtrac_index_overdue,Evening,STRAIGHT,6,6,1,0,0,0,0,0
2025-12-31,sharepacks,tool_only,sharepacks/2025-12-31/NewJersey4/candidate_universe__tool_only__baseline_ref_20260121.json,NewJersey4,2025-12-30,Evening,418,148,24,0,aux_vtrac_index_overdue:Evening:idx=35,aux_vtrac_index_overdue,Evening,STRAIGHT,6,6,1,0,0,0,0,0
2025-12-31,sharepacks,tool_only,sharepacks/2025-12-31/NewJersey4/candidate_universe__tool_only__baseline_ref_20260121.json,NewJersey4,2025-12-30,Evening,418,148,24,0,aux_vtrac_index_overdue:Midday:idx=1,aux_vtrac_index_overdue,Midday,STRAIGHT,6,6,1,0,0,0,0,0
2025-12-31,sharepacks,tool_only,sharepacks/2025-12-31/NewJersey4/candidate_universe__tool_only__baseline_ref_20260121.json,NewJersey4,2025-12-30,Evening,418,148,24,0,aux_vtrac_index_overdue:Midday:idx=26,aux_vtrac_index_overdue,Midday,STRAIGHT,6,6,1,0,0,0,0,0
2025-12-31,sharepacks,tool_only,sharepacks/2025-12-31/NewJersey4/candidate_universe__tool_only__baseline_ref_20260121.json,NewJersey4,2025-12-30,Evening,418,148,24,0,combo_pack:PackA_vt8:seed=027,PackA_vt8,Unknown,STRAIGHT,8,8,1,0,0,0,0,0
2025-12-31,sharepacks,tool_only,sharepacks/2025-12-31/NewJersey4/candidate_universe__tool_only__baseline_ref_20260121.json,NewJersey4,2025-12-30,Evening,418,148,24,0,combo_pack:PackB_mirror3rd:seed=027,PackB_mirror3rd,Unknown,STRAIGHT,8,8,1,0,0,0,0,0
2025-12-31,sharepacks,tool_only,sharepacks/2025-12-31/NewJersey4/candidate_universe__tool_only__baseline_ref_20260121.json,NewJersey4,2025-12-30,Evening,418,148,24,0,combo_pack:R-perm-4:envelope,R-perm-4,Unknown,STRAIGHT,16,16,1,0,0,0,0,0
2025-12-31,sharepacks,tool_only,sharepacks/2025-12-31/NewJersey4/candidate_universe__tool_only__baseline_ref_20260121.json,NewJersey4,2025-12-30,Evening,418,148,24,0,combo_pack:consensus_double_9:trigger=8:keys=290,consensus_double_9,Unknown,MIXED,9,9,1,0,0,0,0,0
2025-12-31,sharepacks,tool_only,sharepacks/2025-12-31/NewJersey4/candidate_universe__tool_only__baseline_ref_20260121.json,NewJersey4,2025-12-30,Evening,418,148,24,0,due_doubles:Combined,due_doubles,Combined,BOX,12,12,1,0,0,0,0,0
2025-12-31,sharepacks,tool_only,sharepacks/2025-12-31/NewJersey4/candidate_universe__tool_only__baseline_ref_20260121.json,NewJersey4,2025-12-30,Evening,418,148,24,0,due_doubles:Evening,due_doubles,Evening,BOX,12,12,1,0,0,0,0,0
2025-12-31,sharepacks,tool_only,sharepacks/2025-12-31/NewJersey4/candidate_universe__tool_only__baseline_ref_20260121.json,NewJersey4,2025-12-30,Evening,418,148,24,0,due_doubles:Midday,due_doubles,Midday,BOX,12,12,1,0,0,0,0,0
2025-12-31,sharepacks,tool_only,sharepacks/2025-12-31/NewJersey4/candidate_universe__tool_only__baseline_ref_20260121.json,NewJersey4,2025-12-30,Evening,418,148,24,0,due_doubles_mirror_double:Combined:seed=022,due_doubles_mirror_double,Combined,BOX,6,6,1,0,0,0,0,0
2025-12-31,sharepacks,tool_only,sharepacks/2025-12-31/NewJersey4/candidate_universe__tool_only__baseline_ref_20260121.json,NewJersey4,2025-12-30,Evening,418,148,24,0,due_doubles_mirror_double:Evening:seed=022,due_doubles_mirror_double,Evening,BOX,6,6,1,0,0,0,0,0
2025-12-31,sharepacks,tool_only,sharepacks/2025-12-31/NewJersey4/candidate_universe__tool_only__baseline_ref_20260121.json,NewJersey4,2025-12-30,Evening,418,148,24,0,due_doubles_mirror_double:Midday:seed=022,due_doubles_mirror_double,Midday,BOX,6,6,1,0,0,0,0,0
2025-12-31,sharepacks,tool_only,sharepacks/2025-12-31/NewJersey4/candidate_universe__tool_only__baseline_ref_20260121.json,NewJersey4,2025-12-30,Evening,418,148,24,0,due_doubles_mirror_single:Combined:seed=022,due_doubles_mirror_single,Combined,BOX,6,6,1,0,0,0,0,0
2025-12-31,sharepacks,tool_only,sharepacks/2025-12-31/NewJersey4/candidate_universe__tool_only__baseline_ref_20260121.json,NewJersey4,2025-12-30,Evening,418,148,24,0,due_doubles_mirror_single:Evening:seed=022,due_doubles_mirror_single,Evening,BOX,6,6,1,0,0,0,0,0
2025-12-31,sharepacks,tool_only,sharepacks/2025-12-31/NewJersey4/candidate_universe__tool_only__baseline_ref_20260121.json,NewJersey4,2025-12-30,Evening,418,148,24,0,due_doubles_mirror_single:Midday:seed=022,due_doubles_mirror_single,Midday,BOX,6,6,1,0,0,0,0,0
2025-12-31,sharepacks,tool_only,sharepacks/2025-12-31/NewJersey4/candidate_universe__tool_only__baseline_ref_20260121.json,NewJersey4,2025-12-30,Evening,418,148,24,0,hot_zones_top_triads,hot_zones_top,Unknown,STRAIGHT,8,8,1,0,0,0,0,0
2025-12-31,sharepacks,tool_only,sharepacks/2025-12-31/NewJersey4/candidate_universe__tool_only__baseline_ref_20260121.json,NewJersey4,2025-12-30,Evening,418,148,24,0,mirror_pair_closure:pair=2/7,mirror_pair_closure,Unknown,BOX,18,18,1,0,0,0,0,0
2025-12-31,sharepacks,tool_only,sharepacks/2025-12-31/NewJersey4/candidate_universe__tool_only__baseline_ref_20260121.json,NewJersey4,2025-12-30,Evening,418,148,24,0,mirror_pair_closure:pair=3/8,mirror_pair_closure,Unknown,BOX,18,18,1,0,0,0,0,0
2025-12-31,sharepacks,tool_only,sharepacks/2025-12-31/NewJersey4/candidate_universe__tool_only__baseline_ref_20260121.json,NewJersey4,2025-12-30,Evening,418,148,24,0,stable_top:Combined,stable_top,Combined,BOX,9,9,1,0,0,0,0,0
2025-12-31,sharepacks,tool_only,sharepacks/2025-12-31/NewJersey4/candidate_universe__tool_only__baseline_ref_20260121.json,NewJersey4,2025-12-30,Evening,418,148,24,0,stable_top:Evening,stable_top,Evening,BOX,9,9,1,0,0,0,0,0
2025-12-31,sharepacks,tool_only,sharepacks/2025-12-31/NewJersey4/candidate_universe__tool_only__baseline_ref_20260121.json,NewJersey4,2025-12-30,Evening,418,148,24,0,stable_top:Midday,stable_top,Midday,BOX,12,12,1,0,0,0,0,0
2025-12-31,sharepacks,tool_only,sharepacks/2025-12-31/NewJersey4/candidate_universe__tool_only__baseline_ref_20260121.json,NewJersey4,2025-12-30,Evening,418,148,24,0,vtrac_top_straights,vtrac_enhanced_top,Unknown,STRAIGHT,8,8,1,0,0,0,0,0
2025-12-31,sharepacks,tool_only,sharepacks/2025-12-31/NewJersey4/candidate_universe__tool_only__baseline_ref_20260121.json,NewJersey4,2025-12-30,Midday,366,366,18,0,__UNION__,union,Unknown,MIXED,136,136,1,0,0,0,1,1
2025-12-31,sharepacks,tool_only,sharepacks/2025-12-31/NewJersey4/candidate_universe__tool_only__baseline_ref_20260121.json,NewJersey4,2025-12-30,Midday,366,366,18,0,aux_positional_shortlist,aux_positional,Unknown,STRAIGHT,10,10,1,0,0,0,0,0
2025-12-31,sharepacks,tool_only,sharepacks/2025-12-31/NewJersey4/candidate_universe__tool_only__baseline_ref_20260121.json,NewJersey4,2025-12-30,Midday,366,366,18,0,aux_vtrac_index_overdue:Combined:idx=26,aux_vtrac_index_overdue,Combined,STRAIGHT,6,6,1,0,0,0,0,0
2025-12-31,sharepacks,tool_only,sharepacks/2025-12-31/NewJersey4/candidate_universe__tool_only__baseline_ref_20260121.json,NewJersey4,2025-12-30,Midday,366,366,18,0,aux_vtrac_index_overdue:Combined:idx=35,aux_vtrac_index_overdue,Combined,STRAIGHT,6,6,1,0,0,0,0,0
2025-12-31,sharepacks,tool_only,sharepacks/2025-12-31/NewJersey4/candidate_universe__tool_only__baseline_ref_20260121.json,NewJersey4,2025-12-30,Midday,366,366,18,0,aux_vtrac_index_overdue:Evening:idx=26,aux_vtrac_index_overdue,Evening,STRAIGHT,6,6,1,0,0,0,0,0
2025-12-31,sharepacks,tool_only,sharepacks/2025-12-31/NewJersey4/candidate_universe__tool_only__baseline_ref_20260121.json,NewJersey4,2025-12-30,Midday,366,366,18,0,aux_vtrac_index_overdue:Evening:idx=35,aux_vtrac_index_overdue,Evening,STRAIGHT,6,6,1,0,0,0,0,0
2025-12-31,sharepacks,tool_only,sharepacks/2025-12-31/NewJersey4/candidate_universe__tool_only__baseline_ref_20260121.json,NewJersey4,2025-12-30,Midday,366,366,18,0,aux_vtrac_index_overdue:Midday:idx=1,aux_vtrac_index_overdue,Midday,STRAIGHT,6,6,1,0,0,0,0,0
2025-12-31,sharepacks,tool_only,sharepacks/2025-12-31/NewJersey4/candidate_universe__tool_only__baseline_ref_20260121.json,NewJersey4,2025-12-30,Midday,366,366,18,0,aux_vtrac_index_overdue:Midday:idx=26,aux_vtrac_index_overdue,Midday,STRAIGHT,6,6,1,0,0,0,0,0
2025-12-31,sharepacks,tool_only,sharepacks/2025-12-31/NewJersey4/candidate_universe__tool_only__baseline_ref_20260121.json,NewJersey4,2025-12-30,Midday,366,366,18,0,combo_pack:PackA_vt8:seed=027,PackA_vt8,Unknown,STRAIGHT,8,8,1,0,0,0,0,0
2025-12-31,sharepacks,tool_only,sharepacks/2025-12-31/NewJersey4/candidate_universe__tool_only__baseline_ref_20260121.json,NewJersey4,2025-12-30,Midday,366,366,18,0,combo_pack:PackB_mirror3rd:seed=027,PackB_mirror3rd,Unknown,STRAIGHT,8,8,1,0,0,0,0,0
2025-12-31,sharepacks,tool_only,sharepacks/2025-12-31/NewJersey4/candidate_universe__tool_only__baseline_ref_20260121.json,NewJersey4,2025-12-30,Midday,366,366,18,0,combo_pack:R-perm-4:envelope,R-perm-4,Unknown,STRAIGHT,16,16,1,0,0,0,0,0
2025-12-31,sharepacks,tool_only,sharepacks/2025-12-31/NewJersey4/candidate_universe__tool_only__baseline_ref_20260121.json,NewJersey4,2025-12-30,Midday,366,366,18,0,combo_pack:consensus_double_9:trigger=8:keys=290,consensus_double_9,Unknown,MIXED,9,9,1,0,0,0,0,0
2025-12-31,sharepacks,tool_only,sharepacks/2025-12-31/NewJersey4/candidate_universe__tool_only__baseline_ref_20260121.json,NewJersey4,2025-12-30,Midday,366,366,18,0,due_doubles:Combined,due_doubles,Combined,BOX,12,12,1,0,0,0,0,0
2025-12-31,sharepacks,tool_only,sharepacks/2025-12-31/NewJersey4/candidate_universe__tool_only__baseline_ref_20260121.json,NewJersey4,2025-12-30,Midday,366,366,18,0,due_doubles:Evening,due_doubles,Evening,BOX,12,12,1,0,0,0,0,0
2025-12-31,sharepacks,tool_only,sharepacks/2025-12-31/NewJersey4/candidate_universe__tool_only__baseline_ref_20260121.json,NewJersey4,2025-12-30,Midday,366,366,18,0,due_doubles:Midday,due_doubles,Midday,BOX,12,12,1,0,0,0,0,0
2025-12-31,sharepacks,tool_only,sharepacks/2025-12-31/NewJersey4/candidate_universe__tool_only__baseline_ref_20260121.json,NewJersey4,2025-12-30,Midday,366,366,18,0,due_doubles_mirror_double:Combined:seed=022,due_doubles_mirror_double,Combined,BOX,6,6,1,0,0,0,0,0
2025-12-31,sharepacks,tool_only,sharepacks/2025-12-31/NewJersey4/candidate_universe__tool_only__baseline_ref_20260121.json,NewJersey4,2025-12-30,Midday,366,366,18,0,due_doubles_mirror_double:Evening:seed=022,due_doubles_mirror_double,Evening,BOX,6,6,1,0,0,0,0,0
2025-12-31,sharepacks,tool_only,sharepacks/2025-12-31/NewJersey4/candidate_universe__tool_only__baseline_ref_20260121.json,NewJersey4,2025-12-30,Midday,366,366,18,0,due_doubles_mirror_double:Midday:seed=022,due_doubles_mirror_double,Midday,BOX,6,6,1,0,0,0,0,0
2025-12-31,sharepacks,tool_only,sharepacks/2025-12-31/NewJersey4/candidate_universe__tool_only__baseline_ref_20260121.json,NewJersey4,2025-12-30,Midday,366,366,18,0,due_doubles_mirror_single:Combined:seed=022,due_doubles_mirror_single,Combined,BOX,6,6,1,0,0,0,0,0
2025-12-31,sharepacks,tool_only,sharepacks/2025-12-31/NewJersey4/candidate_universe__tool_only__baseline_ref_20260121.json,NewJersey4,2025-12-30,Midday,366,366,18,0,due_doubles_mirror_single:Evening:seed=022,due_doubles_mirror_single,Evening,BOX,6,6,1,0,0,0,0,0
2025-12-31,sharepacks,tool_only,sharepacks/2025-12-31/NewJersey4/candidate_universe__tool_only__baseline_ref_20260121.json,NewJersey4,2025-12-30,Midday,366,366,18,0,due_doubles_mirror_single:Midday:seed=022,due_doubles_mirror_single,Midday,BOX,6,6,1,0,0,0,0,0
2025-12-31,sharepacks,tool_only,sharepacks/2025-12-31/NewJersey4/candidate_universe__tool_only__baseline_ref_20260121.json,NewJersey4,2025-12-30,Midday,366,366,18,0,hot_zones_top_triads,hot_zones_top,Unknown,STRAIGHT,8,8,1,0,0,0,1,1
2025-12-31,sharepacks,tool_only,sharepacks/2025-12-31/NewJersey4/candidate_universe__tool_only__baseline_ref_20260121.json,NewJersey4,2025-12-30,Midday,366,366,18,0,mirror_pair_closure:pair=2/7,mirror_pair_closure,Unknown,BOX,18,18,1,0,0,0,0,0
2025-12-31,sharepacks,tool_only,sharepacks/2025-12-31/NewJersey4/candidate_universe__tool_only__baseline_ref_20260121.json,NewJersey4,2025-12-30,Midday,366,366,18,0,mirror_pair_closure:pair=3/8,mirror_pair_closure,Unknown,BOX,18,18,1,0,0,0,0,0
2025-12-31,sharepacks,tool_only,sharepacks/2025-12-31/NewJersey4/candidate_universe__tool_only__baseline_ref_20260121.json,NewJersey4,2025-12-30,Midday,366,366,18,0,stable_top:Combined,stable_top,Combined,BOX,9,9,1,0,0,0,0,0
2025-12-31,sharepacks,tool_only,sharepacks/2025-12-31/NewJersey4/candidate_universe__tool_only__baseline_ref_20260121.json,NewJersey4,2025-12-30,Midday,366,366,18,0,stable_top:Evening,stable_top,Evening,BOX,9,9,1,0,0,0,0,0
2025-12-31,sharepacks,tool_only,sharepacks/2025-12-31/NewJersey4/candidate_universe__tool_only__baseline_ref_20260121.json,NewJersey4,2025-12-30,Midday,366,366,18,0,stable_top:Midday,stable_top,Midday,BOX,12,12,1,0,0,0,1,1
2025-12-31,sharepacks,tool_only,sharepacks/2025-12-31/NewJersey4/candidate_universe__tool_only__baseline_ref_20260121.json,NewJersey4,2025-12-30,Midday,366,366,18,0,vtrac_top_straights,vtrac_enhanced_top,Unknown,STRAIGHT,8,8,1,0,0,0,1,1
2025-12-31,sharepacks,tool_only,sharepacks/2025-12-31/NewYork4/candidate_universe__tool_only__baseline_ref_20260121.json,NewYork4,2025-12-30,Evening,116,116,16,0,__UNION__,union,Unknown,MIXED,173,173,1,1,1,1,1,0
2025-12-31,sharepacks,tool_only,sharepacks/2025-12-31/NewYork4/candidate_universe__tool_only__baseline_ref_20260121.json,NewYork4,2025-12-30,Evening,116,116,16,0,aux_positional_shortlist,aux_positional,Unknown,STRAIGHT,10,10,1,0,0,0,0,0
2025-12-31,sharepacks,tool_only,sharepacks/2025-12-31/NewYork4/candidate_universe__tool_only__baseline_ref_20260121.json,NewYork4,2025-12-30,Evening,116,116,16,0,aux_vtrac_index_overdue:Combined:idx=18,aux_vtrac_index_overdue,Combined,STRAIGHT,24,24,1,0,0,0,0,0
2025-12-31,sharepacks,tool_only,sharepacks/2025-12-31/NewYork4/candidate_universe__tool_only__baseline_ref_20260121.json,NewYork4,2025-12-30,Evening,116,116,16,0,aux_vtrac_index_overdue:Combined:idx=35,aux_vtrac_index_overdue,Combined,STRAIGHT,6,6,1,0,0,0,0,0
2025-12-31,sharepacks,tool_only,sharepacks/2025-12-31/NewYork4/candidate_universe__tool_only__baseline_ref_20260121.json,NewYork4,2025-12-30,Evening,116,116,16,0,aux_vtrac_index_overdue:Evening:idx=18,aux_vtrac_index_overdue,Evening,STRAIGHT,24,24,1,0,0,0,0,0
2025-12-31,sharepacks,tool_only,sharepacks/2025-12-31/NewYork4/candidate_universe__tool_only__baseline_ref_20260121.json,NewYork4,2025-12-30,Evening,116,116,16,0,aux_vtrac_index_overdue:Evening:idx=34,aux_vtrac_index_overdue,Evening,STRAIGHT,24,24,1,0,0,0,0,0
2025-12-31,sharepacks,tool_only,sharepacks/2025-12-31/NewYork4/candidate_universe__tool_only__baseline_ref_20260121.json,NewYork4,2025-12-30,Evening,116,116,16,0,aux_vtrac_index_overdue:Midday:idx=26,aux_vtrac_index_overdue,Midday,STRAIGHT,6,6,1,0,0,0,0,0
2025-12-31,sharepacks,tool_only,sharepacks/2025-12-31/NewYork4/candidate_universe__tool_only__baseline_ref_20260121.json,NewYork4,2025-12-30,Evening,116,116,16,0,aux_vtrac_index_overdue:Midday:idx=35,aux_vtrac_index_overdue,Midday,STRAIGHT,6,6,1,0,0,0,0,0
2025-12-31,sharepacks,tool_only,sharepacks/2025-12-31/NewYork4/candidate_universe__tool_only__baseline_ref_20260121.json,NewYork4,2025-12-30,Evening,116,116,16,0,combo_pack:PackA_vt8:seed=016,PackA_vt8,Unknown,STRAIGHT,8,8,1,0,0,0,0,0
2025-12-31,sharepacks,tool_only,sharepacks/2025-12-31/NewYork4/candidate_universe__tool_only__baseline_ref_20260121.json,NewYork4,2025-12-30,Evening,116,116,16,0,combo_pack:PackB_mirror3rd:seed=016,PackB_mirror3rd,Unknown,STRAIGHT,8,8,1,0,0,0,0,0
2025-12-31,sharepacks,tool_only,sharepacks/2025-12-31/NewYork4/candidate_universe__tool_only__baseline_ref_20260121.json,NewYork4,2025-12-30,Evening,116,116,16,0,combo_pack:R-perm-4:envelope,R-perm-4,Unknown,STRAIGHT,16,16,1,0,0,0,0,0
2025-12-31,sharepacks,tool_only,sharepacks/2025-12-31/NewYork4/candidate_universe__tool_only__baseline_ref_20260121.json,NewYork4,2025-12-30,Evening,116,116,16,0,combo_pack:consensus_double_9:trigger=6:keys=019,consensus_double_9,Unknown,MIXED,9,9,1,0,0,0,1,1
2025-12-31,sharepacks,tool_only,sharepacks/2025-12-31/NewYork4/candidate_universe__tool_only__baseline_ref_20260121.json,NewYork4,2025-12-30,Evening,116,116,16,0,due_doubles:Combined,due_doubles,Combined,BOX,12,12,1,0,0,0,0,0
2025-12-31,sharepacks,tool_only,sharepacks/2025-12-31/NewYork4/candidate_universe__tool_only__baseline_ref_20260121.json,NewYork4,2025-12-30,Evening,116,116,16,0,due_doubles:Evening,due_doubles,Evening,BOX,12,12,1,0,0,0,0,0
2025-12-31,sharepacks,tool_only,sharepacks/2025-12-31/NewYork4/candidate_universe__tool_only__baseline_ref_20260121.json,NewYork4,2025-12-30,Evening,116,116,16,0,due_doubles:Midday,due_doubles,Midday,BOX,12,12,1,0,0,0,0,0
2025-12-31,sharepacks,tool_only,sharepacks/2025-12-31/NewYork4/candidate_universe__tool_only__baseline_ref_20260121.json,NewYork4,2025-12-30,Evening,116,116,16,0,due_doubles_mirror_double:Combined:seed=001,due_doubles_mirror_double,Combined,BOX,6,6,1,0,0,0,0,0
2025-12-31,sharepacks,tool_only,sharepacks/2025-12-31/NewYork4/candidate_universe__tool_only__baseline_ref_20260121.json,NewYork4,2025-12-30,Evening,116,116,16,0,due_doubles_mirror_double:Evening:seed=001,due_doubles_mirror_double,Evening,BOX,6,6,1,0,0,0,0,0
2025-12-31,sharepacks,tool_only,sharepacks/2025-12-31/NewYork4/candidate_universe__tool_only__baseline_ref_20260121.json,NewYork4,2025-12-30,Evening,116,116,16,0,due_doubles_mirror_double:Midday:seed=001,due_doubles_mirror_double,Midday,BOX,6,6,1,0,0,0,0,0
2025-12-31,sharepacks,tool_only,sharepacks/2025-12-31/NewYork4/candidate_universe__tool_only__baseline_ref_20260121.json,NewYork4,2025-12-30,Evening,116,116,16,0,due_doubles_mirror_single:Combined:seed=001,due_doubles_mirror_single,Combined,BOX,6,6,1,0,0,0,0,0
2025-12-31,sharepacks,tool_only,sharepacks/2025-12-31/NewYork4/candidate_universe__tool_only__baseline_ref_20260121.json,NewYork4,2025-12-30,Evening,116,116,16,0,due_doubles_mirror_single:Evening:seed=001,due_doubles_mirror_single,Evening,BOX,6,6,1,0,0,0,0,0
2025-12-31,sharepacks,tool_only,sharepacks/2025-12-31/NewYork4/candidate_universe__tool_only__baseline_ref_20260121.json,NewYork4,2025-12-30,Evening,116,116,16,0,due_doubles_mirror_single:Midday:seed=001,due_doubles_mirror_single,Midday,BOX,6,6,1,0,0,0,0,0
2025-12-31,sharepacks,tool_only,sharepacks/2025-12-31/NewYork4/candidate_universe__tool_only__baseline_ref_20260121.json,NewYork4,2025-12-30,Evening,116,116,16,0,hot_zones_top_triads,hot_zones_top,Unknown,STRAIGHT,8,8,1,0,0,0,0,0
2025-12-31,sharepacks,tool_only,sharepacks/2025-12-31/NewYork4/candidate_universe__tool_only__baseline_ref_20260121.json,NewYork4,2025-12-30,Evening,116,116,16,0,mirror_pair_closure:pair=1/6,mirror_pair_closure,Unknown,BOX,18,18,1,0,0,0,0,0
2025-12-31,sharepacks,tool_only,sharepacks/2025-12-31/NewYork4/candidate_universe__tool_only__baseline_ref_20260121.json,NewYork4,2025-12-30,Evening,116,116,16,0,mirror_pair_closure:pair=4/9,mirror_pair_closure,Unknown,BOX,18,18,1,0,0,0,0,0
2025-12-31,sharepacks,tool_only,sharepacks/2025-12-31/NewYork4/candidate_universe__tool_only__baseline_ref_20260121.json,NewYork4,2025-12-30,Evening,116,116,16,0,stable_top:Combined,stable_top,Combined,BOX,9,9,1,0,0,0,0,0
2025-12-31,sharepacks,tool_only,sharepacks/2025-12-31/NewYork4/candidate_universe__tool_only__baseline_ref_20260121.json,NewYork4,2025-12-30,Evening,116,116,16,0,stable_top:Evening,stable_top,Evening,BOX,9,9,1,0,0,0,0,0
2025-12-31,sharepacks,tool_only,sharepacks/2025-12-31/NewYork4/candidate_universe__tool_only__baseline_ref_20260121.json,NewYork4,2025-12-30,Evening,116,116,16,0,stable_top:Midday,stable_top,Midday,BOX,9,9,1,1,1,1,1,0
2025-12-31,sharepacks,tool_only,sharepacks/2025-12-31/NewYork4/candidate_universe__tool_only__baseline_ref_20260121.json,NewYork4,2025-12-30,Evening,116,116,16,0,vtrac_top_straights,vtrac_enhanced_top,Unknown,STRAIGHT,8,8,1,0,0,0,0,0
2025-12-31,sharepacks,tool_only,sharepacks/2025-12-31/NewYork4/candidate_universe__tool_only__baseline_ref_20260121.json,NewYork4,2025-12-30,Midday,419,149,25,0,__UNION__,union,Unknown,MIXED,173,173,1,0,0,0,1,1
2025-12-31,sharepacks,tool_only,sharepacks/2025-12-31/NewYork4/candidate_universe__tool_only__baseline_ref_20260121.json,NewYork4,2025-12-30,Midday,419,149,25,0,aux_positional_shortlist,aux_positional,Unknown,STRAIGHT,10,10,1,0,0,0,1,1
2025-12-31,sharepacks,tool_only,sharepacks/2025-12-31/NewYork4/candidate_universe__tool_only__baseline_ref_20260121.json,NewYork4,2025-12-30,Midday,419,149,25,0,aux_vtrac_index_overdue:Combined:idx=18,aux_vtrac_index_overdue,Combined,STRAIGHT,24,24,1,0,0,0,0,0
2025-12-31,sharepacks,tool_only,sharepacks/2025-12-31/NewYork4/candidate_universe__tool_only__baseline_ref_20260121.json,NewYork4,2025-12-30,Midday,419,149,25,0,aux_vtrac_index_overdue:Combined:idx=35,aux_vtrac_index_overdue,Combined,STRAIGHT,6,6,1,0,0,0,0,0
2025-12-31,sharepacks,tool_only,sharepacks/2025-12-31/NewYork4/candidate_universe__tool_only__baseline_ref_20260121.json,NewYork4,2025-12-30,Midday,419,149,25,0,aux_vtrac_index_overdue:Evening:idx=18,aux_vtrac_index_overdue,Evening,STRAIGHT,24,24,1,0,0,0,0,0
2025-12-31,sharepacks,tool_only,sharepacks/2025-12-31/NewYork4/candidate_universe__tool_only__baseline_ref_20260121.json,NewYork4,2025-12-30,Midday,419,149,25,0,aux_vtrac_index_overdue:Evening:idx=34,aux_vtrac_index_overdue,Evening,STRAIGHT,24,24,1,0,0,0,0,0
2025-12-31,sharepacks,tool_only,sharepacks/2025-12-31/NewYork4/candidate_universe__tool_only__baseline_ref_20260121.json,NewYork4,2025-12-30,Midday,419,149,25,0,aux_vtrac_index_overdue:Midday:idx=26,aux_vtrac_index_overdue,Midday,STRAIGHT,6,6,1,0,0,0,0,0
2025-12-31,sharepacks,tool_only,sharepacks/2025-12-31/NewYork4/candidate_universe__tool_only__baseline_ref_20260121.json,NewYork4,2025-12-30,Midday,419,149,25,0,aux_vtrac_index_overdue:Midday:idx=35,aux_vtrac_index_overdue,Midday,STRAIGHT,6,6,1,0,0,0,0,0
2025-12-31,sharepacks,tool_only,sharepacks/2025-12-31/NewYork4/candidate_universe__tool_only__baseline_ref_20260121.json,NewYork4,2025-12-30,Midday,419,149,25,0,combo_pack:PackA_vt8:seed=016,PackA_vt8,Unknown,STRAIGHT,8,8,1,0,0,0,0,0
2025-12-31,sharepacks,tool_only,sharepacks/2025-12-31/NewYork4/candidate_universe__tool_only__baseline_ref_20260121.json,NewYork4,2025-12-30,Midday,419,149,25,0,combo_pack:PackB_mirror3rd:seed=016,PackB_mirror3rd,Unknown,STRAIGHT,8,8,1,0,0,0,0,0
2025-12-31,sharepacks,tool_only,sharepacks/2025-12-31/NewYork4/candidate_universe__tool_only__baseline_ref_20260121.json,NewYork4,2025-12-30,Midday,419,149,25,0,combo_pack:R-perm-4:envelope,R-perm-4,Unknown,STRAIGHT,16,16,1,0,0,0,0,0
2025-12-31,sharepacks,tool_only,sharepacks/2025-12-31/NewYork4/candidate_universe__tool_only__baseline_ref_20260121.json,NewYork4,2025-12-30,Midday,419,149,25,0,combo_pack:consensus_double_9:trigger=6:keys=019,consensus_double_9,Unknown,MIXED,9,9,1,0,0,0,0,0
2025-12-31,sharepacks,tool_only,sharepacks/2025-12-31/NewYork4/candidate_universe__tool_only__baseline_ref_20260121.json,NewYork4,2025-12-30,Midday,419,149,25,0,due_doubles:Combined,due_doubles,Combined,BOX,12,12,1,0,0,0,0,0
2025-12-31,sharepacks,tool_only,sharepacks/2025-12-31/NewYork4/candidate_universe__tool_only__baseline_ref_20260121.json,NewYork4,2025-12-30,Midday,419,149,25,0,due_doubles:Evening,due_doubles,Evening,BOX,12,12,1,0,0,0,0,0
2025-12-31,sharepacks,tool_only,sharepacks/2025-12-31/NewYork4/candidate_universe__tool_only__baseline_ref_20260121.json,NewYork4,2025-12-30,Midday,419,149,25,0,due_doubles:Midday,due_doubles,Midday,BOX,12,12,1,0,0,0,0,0
2025-12-31,sharepacks,tool_only,sharepacks/2025-12-31/NewYork4/candidate_universe__tool_only__baseline_ref_20260121.json,NewYork4,2025-12-30,Midday,419,149,25,0,due_doubles_mirror_double:Combined:seed=001,due_doubles_mirror_double,Combined,BOX,6,6,1,0,0,0,0,0
2025-12-31,sharepacks,tool_only,sharepacks/2025-12-31/NewYork4/candidate_universe__tool_only__baseline_ref_20260121.json,NewYork4,2025-12-30,Midday,419,149,25,0,due_doubles_mirror_double:Evening:seed=001,due_doubles_mirror_double,Evening,BOX,6,6,1,0,0,0,0,0
2025-12-31,sharepacks,tool_only,sharepacks/2025-12-31/NewYork4/candidate_universe__tool_only__baseline_ref_20260121.json,NewYork4,2025-12-30,Midday,419,149,25,0,due_doubles_mirror_double:Midday:seed=001,due_doubles_mirror_double,Midday,BOX,6,6,1,0,0,0,0,0
2025-12-31,sharepacks,tool_only,sharepacks/2025-12-31/NewYork4/candidate_universe__tool_only__baseline_ref_20260121.json,NewYork4,2025-12-30,Midday,419,149,25,0,due_doubles_mirror_single:Combined:seed=001,due_doubles_mirror_single,Combined,BOX,6,6,1,0,0,0,0,0
2025-12-31,sharepacks,tool_only,sharepacks/2025-12-31/NewYork4/candidate_universe__tool_only__baseline_ref_20260121.json,NewYork4,2025-12-30,Midday,419,149,25,0,due_doubles_mirror_single:Evening:seed=001,due_doubles_mirror_single,Evening,BOX,6,6,1,0,0,0,0,0
2025-12-31,sharepacks,tool_only,sharepacks/2025-12-31/NewYork4/candidate_universe__tool_only__baseline_ref_20260121.json,NewYork4,2025-12-30,Midday,419,149,25,0,due_doubles_mirror_single:Midday:seed=001,due_doubles_mirror_single,Midday,BOX,6,6,1,0,0,0,0,0
2025-12-31,sharepacks,tool_only,sharepacks/2025-12-31/NewYork4/candidate_universe__tool_only__baseline_ref_20260121.json,NewYork4,2025-12-30,Midday,419,149,25,0,hot_zones_top_triads,hot_zones_top,Unknown,STRAIGHT,8,8,1,0,0,0,0,0
2025-12-31,sharepacks,tool_only,sharepacks/2025-12-31/NewYork4/candidate_universe__tool_only__baseline_ref_20260121.json,NewYork4,2025-12-30,Midday,419,149,25,0,mirror_pair_closure:pair=1/6,mirror_pair_closure,Unknown,BOX,18,18,1,0,0,0,0,0
2025-12-31,sharepacks,tool_only,sharepacks/2025-12-31/NewYork4/candidate_universe__tool_only__baseline_ref_20260121.json,NewYork4,2025-12-30,Midday,419,149,25,0,mirror_pair_closure:pair=4/9,mirror_pair_closure,Unknown,BOX,18,18,1,0,0,0,1,1
2025-12-31,sharepacks,tool_only,sharepacks/2025-12-31/NewYork4/candidate_universe__tool_only__baseline_ref_20260121.json,NewYork4,2025-12-30,Midday,419,149,25,0,stable_top:Combined,stable_top,Combined,BOX,9,9,1,0,0,0,0,0
2025-12-31,sharepacks,tool_only,sharepacks/2025-12-31/NewYork4/candidate_universe__tool_only__baseline_ref_20260121.json,NewYork4,2025-12-30,Midday,419,149,25,0,stable_top:Evening,stable_top,Evening,BOX,9,9,1,0,0,0,0,0
2025-12-31,sharepacks,tool_only,sharepacks/2025-12-31/NewYork4/candidate_universe__tool_only__baseline_ref_20260121.json,NewYork4,2025-12-30,Midday,419,149,25,0,stable_top:Midday,stable_top,Midday,BOX,9,9,1,0,0,0,0,0
2025-12-31,sharepacks,tool_only,sharepacks/2025-12-31/NewYork4/candidate_universe__tool_only__baseline_ref_20260121.json,NewYork4,2025-12-30,Midday,419,149,25,0,vtrac_top_straights,vtrac_enhanced_top,Unknown,STRAIGHT,8,8,1,0,0,0,0,0
2025-12-31,sharepacks,tool_only,sharepacks/2025-12-31/NorthCarolina4/candidate_universe__tool_only__baseline_ref_20260121.json,NorthCarolina4,2025-12-30,Evening,057,057,3,0,__UNION__,union,Unknown,MIXED,174,174,1,0,0,0,1,1
2025-12-31,sharepacks,tool_only,sharepacks/2025-12-31/NorthCarolina4/candidate_universe__tool_only__baseline_ref_20260121.json,NorthCarolina4,2025-12-30,Evening,057,057,3,0,aux_positional_shortlist,aux_positional,Unknown,STRAIGHT,10,10,1,0,0,0,1,1
2025-12-31,sharepacks,tool_only,sharepacks/2025-12-31/NorthCarolina4/candidate_universe__tool_only__baseline_ref_20260121.json,NorthCarolina4,2025-12-30,Evening,057,057,3,0,aux_vtrac_index_overdue:Combined:idx=26,aux_vtrac_index_overdue,Combined,STRAIGHT,6,6,1,0,0,0,0,0
2025-12-31,sharepacks,tool_only,sharepacks/2025-12-31/NorthCarolina4/candidate_universe__tool_only__baseline_ref_20260121.json,NorthCarolina4,2025-12-30,Evening,057,057,3,0,aux_vtrac_index_overdue:Combined:idx=32,aux_vtrac_index_overdue,Combined,STRAIGHT,6,6,1,0,0,0,0,0
2025-12-31,sharepacks,tool_only,sharepacks/2025-12-31/NorthCarolina4/candidate_universe__tool_only__baseline_ref_20260121.json,NorthCarolina4,2025-12-30,Evening,057,057,3,0,aux_vtrac_index_overdue:Evening:idx=26,aux_vtrac_index_overdue,Evening,STRAIGHT,6,6,1,0,0,0,0,0
2025-12-31,sharepacks,tool_only,sharepacks/2025-12-31/NorthCarolina4/candidate_universe__tool_only__baseline_ref_20260121.json,NorthCarolina4,2025-12-30,Evening,057,057,3,0,aux_vtrac_index_overdue:Evening:idx=34,aux_vtrac_index_overdue,Evening,STRAIGHT,24,24,1,0,0,0,0,0
2025-12-31,sharepacks,tool_only,sharepacks/2025-12-31/NorthCarolina4/candidate_universe__tool_only__baseline_ref_20260121.json,NorthCarolina4,2025-12-30,Evening,057,057,3,0,aux_vtrac_index_overdue:Midday:idx=25,aux_vtrac_index_overdue,Midday,STRAIGHT,24,24,1,0,0,0,0,0
2025-12-31,sharepacks,tool_only,sharepacks/2025-12-31/NorthCarolina4/candidate_universe__tool_only__baseline_ref_20260121.json,NorthCarolina4,2025-12-30,Evening,057,057,3,0,aux_vtrac_index_overdue:Midday:idx=26,aux_vtrac_index_overdue,Midday,STRAIGHT,6,6,1,0,0,0,0,0
2025-12-31,sharepacks,tool_only,sharepacks/2025-12-31/NorthCarolina4/candidate_universe__tool_only__baseline_ref_20260121.json,NorthCarolina4,2025-12-30,Evening,057,057,3,0,combo_pack:PackA_vt8:seed=024,PackA_vt8,Unknown,STRAIGHT,8,8,1,0,0,0,0,0
2025-12-31,sharepacks,tool_only,sharepacks/2025-12-31/NorthCarolina4/candidate_universe__tool_only__baseline_ref_20260121.json,NorthCarolina4,2025-12-30,Evening,057,057,3,0,combo_pack:PackB_mirror3rd:seed=024,PackB_mirror3rd,Unknown,STRAIGHT,12,12,1,0,0,0,0,0
2025-12-31,sharepacks,tool_only,sharepacks/2025-12-31/NorthCarolina4/candidate_universe__tool_only__baseline_ref_20260121.json,NorthCarolina4,2025-12-30,Evening,057,057,3,0,combo_pack:R-perm-4:envelope,R-perm-4,Unknown,STRAIGHT,16,16,1,0,0,0,0,0
2025-12-31,sharepacks,tool_only,sharepacks/2025-12-31/NorthCarolina4/candidate_universe__tool_only__baseline_ref_20260121.json,NorthCarolina4,2025-12-30,Evening,057,057,3,0,combo_pack:consensus_double_9:trigger=0:keys=429,consensus_double_9,Unknown,MIXED,9,9,1,0,0,0,1,1
2025-12-31,sharepacks,tool_only,sharepacks/2025-12-31/NorthCarolina4/candidate_universe__tool_only__baseline_ref_20260121.json,NorthCarolina4,2025-12-30,Evening,057,057,3,0,due_doubles:Combined,due_doubles,Combined,BOX,12,12,1,0,0,0,0,0
2025-12-31,sharepacks,tool_only,sharepacks/2025-12-31/NorthCarolina4/candidate_universe__tool_only__baseline_ref_20260121.json,NorthCarolina4,2025-12-30,Evening,057,057,3,0,due_doubles:Evening,due_doubles,Evening,BOX,12,12,1,0,0,0,0,0
2025-12-31,sharepacks,tool_only,sharepacks/2025-12-31/NorthCarolina4/candidate_universe__tool_only__baseline_ref_20260121.json,NorthCarolina4,2025-12-30,Evening,057,057,3,0,due_doubles:Midday,due_doubles,Midday,BOX,12,12,1,0,0,0,0,0
2025-12-31,sharepacks,tool_only,sharepacks/2025-12-31/NorthCarolina4/candidate_universe__tool_only__baseline_ref_20260121.json,NorthCarolina4,2025-12-30,Evening,057,057,3,0,due_doubles_mirror_double:Combined:seed=001,due_doubles_mirror_double,Combined,BOX,6,6,1,0,0,0,0,0
2025-12-31,sharepacks,tool_only,sharepacks/2025-12-31/NorthCarolina4/candidate_universe__tool_only__baseline_ref_20260121.json,NorthCarolina4,2025-12-30,Evening,057,057,3,0,due_doubles_mirror_double:Evening:seed=001,due_doubles_mirror_double,Evening,BOX,6,6,1,0,0,0,0,0
2025-12-31,sharepacks,tool_only,sharepacks/2025-12-31/NorthCarolina4/candidate_universe__tool_only__baseline_ref_20260121.json,NorthCarolina4,2025-12-30,Evening,057,057,3,0,due_doubles_mirror_double:Midday:seed=001,due_doubles_mirror_double,Midday,BOX,6,6,1,0,0,0,0,0
2025-12-31,sharepacks,tool_only,sharepacks/2025-12-31/NorthCarolina4/candidate_universe__tool_only__baseline_ref_20260121.json,NorthCarolina4,2025-12-30,Evening,057,057,3,0,due_doubles_mirror_single:Combined:seed=001,due_doubles_mirror_single,Combined,BOX,6,6,1,0,0,0,0,0
2025-12-31,sharepacks,tool_only,sharepacks/2025-12-31/NorthCarolina4/candidate_universe__tool_only__baseline_ref_20260121.json,NorthCarolina4,2025-12-30,Evening,057,057,3,0,due_doubles_mirror_single:Evening:seed=001,due_doubles_mirror_single,Evening,BOX,6,6,1,0,0,0,0,0
2025-12-31,sharepacks,tool_only,sharepacks/2025-12-31/NorthCarolina4/candidate_universe__tool_only__baseline_ref_20260121.json,NorthCarolina4,2025-12-30,Evening,057,057,3,0,due_doubles_mirror_single:Midday:seed=001,due_doubles_mirror_single,Midday,BOX,6,6,1,0,0,0,0,0
2025-12-31,sharepacks,tool_only,sharepacks/2025-12-31/NorthCarolina4/candidate_universe__tool_only__baseline_ref_20260121.json,NorthCarolina4,2025-12-30,Evening,057,057,3,0,hot_zones_top_triads,hot_zones_top,Unknown,STRAIGHT,8,8,1,0,0,0,0,0
2025-12-31,sharepacks,tool_only,sharepacks/2025-12-31/NorthCarolina4/candidate_universe__tool_only__baseline_ref_20260121.json,NorthCarolina4,2025-12-30,Evening,057,057,3,0,mirror_pair_closure:pair=0/5,mirror_pair_closure,Unknown,BOX,18,18,1,0,0,0,1,1
2025-12-31,sharepacks,tool_only,sharepacks/2025-12-31/NorthCarolina4/candidate_universe__tool_only__baseline_ref_20260121.json,NorthCarolina4,2025-12-30,Evening,057,057,3,0,mirror_pair_closure:pair=4/9,mirror_pair_closure,Unknown,BOX,18,18,1,0,0,0,0,0
2025-12-31,sharepacks,tool_only,sharepacks/2025-12-31/NorthCarolina4/candidate_universe__tool_only__baseline_ref_20260121.json,NorthCarolina4,2025-12-30,Evening,057,057,3,0,stable_top:Combined,stable_top,Combined,BOX,9,9,1,0,0,0,0,0
2025-12-31,sharepacks,tool_only,sharepacks/2025-12-31/NorthCarolina4/candidate_universe__tool_only__baseline_ref_20260121.json,NorthCarolina4,2025-12-30,Evening,057,057,3,0,stable_top:Evening,stable_top,Evening,BOX,9,9,1,0,0,0,0,0
2025-12-31,sharepacks,tool_only,sharepacks/2025-12-31/NorthCarolina4/candidate_universe__tool_only__baseline_ref_20260121.json,NorthCarolina4,2025-12-30,Evening,057,057,3,0,stable_top:Midday,stable_top,Midday,BOX,9,9,1,0,0,0,0,0
2025-12-31,sharepacks,tool_only,sharepacks/2025-12-31/NorthCarolina4/candidate_universe__tool_only__baseline_ref_20260121.json,NorthCarolina4,2025-12-30,Evening,057,057,3,0,vtrac_top_straights,vtrac_enhanced_top,Unknown,STRAIGHT,8,8,1,0,0,0,0,0
2025-12-31,sharepacks,tool_only,sharepacks/2025-12-31/NorthCarolina4/candidate_universe__tool_only__baseline_ref_20260121.json,NorthCarolina4,2025-12-30,Midday,867,678,21,0,__UNION__,union,Unknown,MIXED,174,174,1,0,0,0,0,0
2025-12-31,sharepacks,tool_only,sharepacks/2025-12-31/NorthCarolina4/candidate_universe__tool_only__baseline_ref_20260121.json,NorthCarolina4,2025-12-30,Midday,867,678,21,0,aux_positional_shortlist,aux_positional,Unknown,STRAIGHT,10,10,1,0,0,0,0,0
2025-12-31,sharepacks,tool_only,sharepacks/2025-12-31/NorthCarolina4/candidate_universe__tool_only__baseline_ref_20260121.json,NorthCarolina4,2025-12-30,Midday,867,678,21,0,aux_vtrac_index_overdue:Combined:idx=26,aux_vtrac_index_overdue,Combined,STRAIGHT,6,6,1,0,0,0,0,0
2025-12-31,sharepacks,tool_only,sharepacks/2025-12-31/NorthCarolina4/candidate_universe__tool_only__baseline_ref_20260121.json,NorthCarolina4,2025-12-30,Midday,867,678,21,0,aux_vtrac_index_overdue:Combined:idx=32,aux_vtrac_index_overdue,Combined,STRAIGHT,6,6,1,0,0,0,0,0
2025-12-31,sharepacks,tool_only,sharepacks/2025-12-31/NorthCarolina4/candidate_universe__tool_only__baseline_ref_20260121.json,NorthCarolina4,2025-12-30,Midday,867,678,21,0,aux_vtrac_index_overdue:Evening:idx=26,aux_vtrac_index_overdue,Evening,STRAIGHT,6,6,1,0,0,0,0,0
2025-12-31,sharepacks,tool_only,sharepacks/2025-12-31/NorthCarolina4/candidate_universe__tool_only__baseline_ref_20260121.json,NorthCarolina4,2025-12-30,Midday,867,678,21,0,aux_vtrac_index_overdue:Evening:idx=34,aux_vtrac_index_overdue,Evening,STRAIGHT,24,24,1,0,0,0,0,0
2025-12-31,sharepacks,tool_only,sharepacks/2025-12-31/NorthCarolina4/candidate_universe__tool_only__baseline_ref_20260121.json,NorthCarolina4,2025-12-30,Midday,867,678,21,0,aux_vtrac_index_overdue:Midday:idx=25,aux_vtrac_index_overdue,Midday,STRAIGHT,24,24,1,0,0,0,0,0
2025-12-31,sharepacks,tool_only,sharepacks/2025-12-31/NorthCarolina4/candidate_universe__tool_only__baseline_ref_20260121.json,NorthCarolina4,2025-12-30,Midday,867,678,21,0,aux_vtrac_index_overdue:Midday:idx=26,aux_vtrac_index_overdue,Midday,STRAIGHT,6,6,1,0,0,0,0,0
2025-12-31,sharepacks,tool_only,sharepacks/2025-12-31/NorthCarolina4/candidate_universe__tool_only__baseline_ref_20260121.json,NorthCarolina4,2025-12-30,Midday,867,678,21,0,combo_pack:PackA_vt8:seed=024,PackA_vt8,Unknown,STRAIGHT,8,8,1,0,0,0,0,0
2025-12-31,sharepacks,tool_only,sharepacks/2025-12-31/NorthCarolina4/candidate_universe__tool_only__baseline_ref_20260121.json,NorthCarolina4,2025-12-30,Midday,867,678,21,0,combo_pack:PackB_mirror3rd:seed=024,PackB_mirror3rd,Unknown,STRAIGHT,12,12,1,0,0,0,0,0
2025-12-31,sharepacks,tool_only,sharepacks/2025-12-31/NorthCarolina4/candidate_universe__tool_only__baseline_ref_20260121.json,NorthCarolina4,2025-12-30,Midday,867,678,21,0,combo_pack:R-perm-4:envelope,R-perm-4,Unknown,STRAIGHT,16,16,1,0,0,0,0,0
2025-12-31,sharepacks,tool_only,sharepacks/2025-12-31/NorthCarolina4/candidate_universe__tool_only__baseline_ref_20260121.json,NorthCarolina4,2025-12-30,Midday,867,678,21,0,combo_pack:consensus_double_9:trigger=0:keys=429,consensus_double_9,Unknown,MIXED,9,9,1,0,0,0,0,0
2025-12-31,sharepacks,tool_only,sharepacks/2025-12-31/NorthCarolina4/candidate_universe__tool_only__baseline_ref_20260121.json,NorthCarolina4,2025-12-30,Midday,867,678,21,0,due_doubles:Combined,due_doubles,Combined,BOX,12,12,1,0,0,0,0,0
2025-12-31,sharepacks,tool_only,sharepacks/2025-12-31/NorthCarolina4/candidate_universe__tool_only__baseline_ref_20260121.json,NorthCarolina4,2025-12-30,Midday,867,678,21,0,due_doubles:Evening,due_doubles,Evening,BOX,12,12,1,0,0,0,0,0
2025-12-31,sharepacks,tool_only,sharepacks/2025-12-31/NorthCarolina4/candidate_universe__tool_only__baseline_ref_20260121.json,NorthCarolina4,2025-12-30,Midday,867,678,21,0,due_doubles:Midday,due_doubles,Midday,BOX,12,12,1,0,0,0,0,0
2025-12-31,sharepacks,tool_only,sharepacks/2025-12-31/NorthCarolina4/candidate_universe__tool_only__baseline_ref_20260121.json,NorthCarolina4,2025-12-30,Midday,867,678,21,0,due_doubles_mirror_double:Combined:seed=001,due_doubles_mirror_double,Combined,BOX,6,6,1,0,0,0,0,0
2025-12-31,sharepacks,tool_only,sharepacks/2025-12-31/NorthCarolina4/candidate_universe__tool_only__baseline_ref_20260121.json,NorthCarolina4,2025-12-30,Midday,867,678,21,0,due_doubles_mirror_double:Evening:seed=001,due_doubles_mirror_double,Evening,BOX,6,6,1,0,0,0,0,0
2025-12-31,sharepacks,tool_only,sharepacks/2025-12-31/NorthCarolina4/candidate_universe__tool_only__baseline_ref_20260121.json,NorthCarolina4,2025-12-30,Midday,867,678,21,0,due_doubles_mirror_double:Midday:seed=001,due_doubles_mirror_double,Midday,BOX,6,6,1,0,0,0,0,0
2025-12-31,sharepacks,tool_only,sharepacks/2025-12-31/NorthCarolina4/candidate_universe__tool_only__baseline_ref_20260121.json,NorthCarolina4,2025-12-30,Midday,867,678,21,0,due_doubles_mirror_single:Combined:seed=001,due_doubles_mirror_single,Combined,BOX,6,6,1,0,0,0,0,0
2025-12-31,sharepacks,tool_only,sharepacks/2025-12-31/NorthCarolina4/candidate_universe__tool_only__baseline_ref_20260121.json,NorthCarolina4,2025-12-30,Midday,867,678,21,0,due_doubles_mirror_single:Evening:seed=001,due_doubles_mirror_single,Evening,BOX,6,6,1,0,0,0,0,0
2025-12-31,sharepacks,tool_only,sharepacks/2025-12-31/NorthCarolina4/candidate_universe__tool_only__baseline_ref_20260121.json,NorthCarolina4,2025-12-30,Midday,867,678,21,0,due_doubles_mirror_single:Midday:seed=001,due_doubles_mirror_single,Midday,BOX,6,6,1,0,0,0,0,0
2025-12-31,sharepacks,tool_only,sharepacks/2025-12-31/NorthCarolina4/candidate_universe__tool_only__baseline_ref_20260121.json,NorthCarolina4,2025-12-30,Midday,867,678,21,0,hot_zones_top_triads,hot_zones_top,Unknown,STRAIGHT,8,8,1,0,0,0,0,0
2025-12-31,sharepacks,tool_only,sharepacks/2025-12-31/NorthCarolina4/candidate_universe__tool_only__baseline_ref_20260121.json,NorthCarolina4,2025-12-30,Midday,867,678,21,0,mirror_pair_closure:pair=0/5,mirror_pair_closure,Unknown,BOX,18,18,1,0,0,0,0,0
2025-12-31,sharepacks,tool_only,sharepacks/2025-12-31/NorthCarolina4/candidate_universe__tool_only__baseline_ref_20260121.json,NorthCarolina4,2025-12-30,Midday,867,678,21,0,mirror_pair_closure:pair=4/9,mirror_pair_closure,Unknown,BOX,18,18,1,0,0,0,0,0
2025-12-31,sharepacks,tool_only,sharepacks/2025-12-31/NorthCarolina4/candidate_universe__tool_only__baseline_ref_20260121.json,NorthCarolina4,2025-12-30,Midday,867,678,21,0,stable_top:Combined,stable_top,Combined,BOX,9,9,1,0,0,0,0,0
2025-12-31,sharepacks,tool_only,sharepacks/2025-12-31/NorthCarolina4/candidate_universe__tool_only__baseline_ref_20260121.json,NorthCarolina4,2025-12-30,Midday,867,678,21,0,stable_top:Evening,stable_top,Evening,BOX,9,9,1,0,0,0,0,0
2025-12-31,sharepacks,tool_only,sharepacks/2025-12-31/NorthCarolina4/candidate_universe__tool_only__baseline_ref_20260121.json,NorthCarolina4,2025-12-30,Midday,867,678,21,0,stable_top:Midday,stable_top,Midday,BOX,9,9,1,0,0,0,0,0
2025-12-31,sharepacks,tool_only,sharepacks/2025-12-31/NorthCarolina4/candidate_universe__tool_only__baseline_ref_20260121.json,NorthCarolina4,2025-12-30,Midday,867,678,21,0,vtrac_top_straights,vtrac_enhanced_top,Unknown,STRAIGHT,8,8,1,0,0,0,0,0
2025-12-31,sharepacks,tool_only,sharepacks/2025-12-31/Ohio4/candidate_universe__tool_only__baseline_ref_20260121.json,Ohio4,2025-12-30,Evening,197,179,22,0,__UNION__,union,Unknown,MIXED,176,176,1,1,1,1,1,0
2025-12-31,sharepacks,tool_only,sharepacks/2025-12-31/Ohio4/candidate_universe__tool_only__baseline_ref_20260121.json,Ohio4,2025-12-30,Evening,197,179,22,0,aux_positional_shortlist,aux_positional,Unknown,STRAIGHT,10,10,1,0,0,0,0,0
2025-12-31,sharepacks,tool_only,sharepacks/2025-12-31/Ohio4/candidate_universe__tool_only__baseline_ref_20260121.json,Ohio4,2025-12-30,Evening,197,179,22,0,aux_vtrac_index_overdue:Combined:idx=10,aux_vtrac_index_overdue,Combined,STRAIGHT,24,24,1,0,0,0,0,0
2025-12-31,sharepacks,tool_only,sharepacks/2025-12-31/Ohio4/candidate_universe__tool_only__baseline_ref_20260121.json,Ohio4,2025-12-30,Evening,197,179,22,0,aux_vtrac_index_overdue:Combined:idx=16,aux_vtrac_index_overdue,Combined,STRAIGHT,6,6,1,0,0,0,0,0
2025-12-31,sharepacks,tool_only,sharepacks/2025-12-31/Ohio4/candidate_universe__tool_only__baseline_ref_20260121.json,Ohio4,2025-12-30,Evening,197,179,22,0,aux_vtrac_index_overdue:Evening:idx=16,aux_vtrac_index_overdue,Evening,STRAIGHT,6,6,1,0,0,0,0,0
2025-12-31,sharepacks,tool_only,sharepacks/2025-12-31/Ohio4/candidate_universe__tool_only__baseline_ref_20260121.json,Ohio4,2025-12-30,Evening,197,179,22,0,aux_vtrac_index_overdue:Evening:idx=35,aux_vtrac_index_overdue,Evening,STRAIGHT,6,6,1,0,0,0,0,0
2025-12-31,sharepacks,tool_only,sharepacks/2025-12-31/Ohio4/candidate_universe__tool_only__baseline_ref_20260121.json,Ohio4,2025-12-30,Evening,197,179,22,0,aux_vtrac_index_overdue:Midday:idx=16,aux_vtrac_index_overdue,Midday,STRAIGHT,6,6,1,0,0,0,0,0
2025-12-31,sharepacks,tool_only,sharepacks/2025-12-31/Ohio4/candidate_universe__tool_only__baseline_ref_20260121.json,Ohio4,2025-12-30,Evening,197,179,22,0,aux_vtrac_index_overdue:Midday:idx=28,aux_vtrac_index_overdue,Midday,STRAIGHT,24,24,1,0,0,0,0,0
2025-12-31,sharepacks,tool_only,sharepacks/2025-12-31/Ohio4/candidate_universe__tool_only__baseline_ref_20260121.json,Ohio4,2025-12-30,Evening,197,179,22,0,combo_pack:PackA_vt8:seed=017,PackA_vt8,Unknown,STRAIGHT,8,8,1,0,0,0,0,0
2025-12-31,sharepacks,tool_only,sharepacks/2025-12-31/Ohio4/candidate_universe__tool_only__baseline_ref_20260121.json,Ohio4,2025-12-30,Evening,197,179,22,0,combo_pack:PackB_mirror3rd:seed=017,PackB_mirror3rd,Unknown,STRAIGHT,12,12,1,0,0,0,0,0
2025-12-31,sharepacks,tool_only,sharepacks/2025-12-31/Ohio4/candidate_universe__tool_only__baseline_ref_20260121.json,Ohio4,2025-12-30,Evening,197,179,22,0,combo_pack:R-perm-4:envelope,R-perm-4,Unknown,STRAIGHT,16,16,1,1,1,0,1,0
2025-12-31,sharepacks,tool_only,sharepacks/2025-12-31/Ohio4/candidate_universe__tool_only__baseline_ref_20260121.json,Ohio4,2025-12-30,Evening,197,179,22,0,combo_pack:consensus_double_9:trigger=7:keys=091,consensus_double_9,Unknown,MIXED,9,9,1,0,0,0,0,0
2025-12-31,sharepacks,tool_only,sharepacks/2025-12-31/Ohio4/candidate_universe__tool_only__baseline_ref_20260121.json,Ohio4,2025-12-30,Evening,197,179,22,0,due_doubles:Combined,due_doubles,Combined,BOX,12,12,1,0,0,0,0,0
2025-12-31,sharepacks,tool_only,sharepacks/2025-12-31/Ohio4/candidate_universe__tool_only__baseline_ref_20260121.json,Ohio4,2025-12-30,Evening,197,179,22,0,due_doubles:Evening,due_doubles,Evening,BOX,12,12,1,0,0,0,0,0
2025-12-31,sharepacks,tool_only,sharepacks/2025-12-31/Ohio4/candidate_universe__tool_only__baseline_ref_20260121.json,Ohio4,2025-12-30,Evening,197,179,22,0,due_doubles:Midday,due_doubles,Midday,BOX,12,12,1,0,0,0,0,0
2025-12-31,sharepacks,tool_only,sharepacks/2025-12-31/Ohio4/candidate_universe__tool_only__baseline_ref_20260121.json,Ohio4,2025-12-30,Evening,197,179,22,0,due_doubles_mirror_double:Combined:seed=009,due_doubles_mirror_double,Combined,BOX,6,6,1,0,0,0,0,0
2025-12-31,sharepacks,tool_only,sharepacks/2025-12-31/Ohio4/candidate_universe__tool_only__baseline_ref_20260121.json,Ohio4,2025-12-30,Evening,197,179,22,0,due_doubles_mirror_double:Evening:seed=009,due_doubles_mirror_double,Evening,BOX,6,6,1,0,0,0,0,0
2025-12-31,sharepacks,tool_only,sharepacks/2025-12-31/Ohio4/candidate_universe__tool_only__baseline_ref_20260121.json,Ohio4,2025-12-30,Evening,197,179,22,0,due_doubles_mirror_double:Midday:seed=009,due_doubles_mirror_double,Midday,BOX,6,6,1,0,0,0,0,0
2025-12-31,sharepacks,tool_only,sharepacks/2025-12-31/Ohio4/candidate_universe__tool_only__baseline_ref_20260121.json,Ohio4,2025-12-30,Evening,197,179,22,0,due_doubles_mirror_single:Combined:seed=009,due_doubles_mirror_single,Combined,BOX,6,6,1,0,0,0,0,0
2025-12-31,sharepacks,tool_only,sharepacks/2025-12-31/Ohio4/candidate_universe__tool_only__baseline_ref_20260121.json,Ohio4,2025-12-30,Evening,197,179,22,0,due_doubles_mirror_single:Evening:seed=009,due_doubles_mirror_single,Evening,BOX,6,6,1,0,0,0,0,0
2025-12-31,sharepacks,tool_only,sharepacks/2025-12-31/Ohio4/candidate_universe__tool_only__baseline_ref_20260121.json,Ohio4,2025-12-30,Evening,197,179,22,0,due_doubles_mirror_single:Midday:seed=009,due_doubles_mirror_single,Midday,BOX,6,6,1,0,0,0,0,0
2025-12-31,sharepacks,tool_only,sharepacks/2025-12-31/Ohio4/candidate_universe__tool_only__baseline_ref_20260121.json,Ohio4,2025-12-30,Evening,197,179,22,0,hot_zones_top_triads,hot_zones_top,Unknown,STRAIGHT,8,8,1,0,0,0,1,1
2025-12-31,sharepacks,tool_only,sharepacks/2025-12-31/Ohio4/candidate_universe__tool_only__baseline_ref_20260121.json,Ohio4,2025-12-30,Evening,197,179,22,0,mirror_pair_closure:pair=0/5,mirror_pair_closure,Unknown,BOX,18,18,1,0,0,0,0,0
2025-12-31,sharepacks,tool_only,sharepacks/2025-12-31/Ohio4/candidate_universe__tool_only__baseline_ref_20260121.json,Ohio4,2025-12-30,Evening,197,179,22,0,mirror_pair_closure:pair=2/7,mirror_pair_closure,Unknown,BOX,18,18,1,0,0,0,0,0
2025-12-31,sharepacks,tool_only,sharepacks/2025-12-31/Ohio4/candidate_universe__tool_only__baseline_ref_20260121.json,Ohio4,2025-12-30,Evening,197,179,22,0,stable_top:Combined,stable_top,Combined,BOX,12,12,1,0,0,0,0,0
2025-12-31,sharepacks,tool_only,sharepacks/2025-12-31/Ohio4/candidate_universe__tool_only__baseline_ref_20260121.json,Ohio4,2025-12-30,Evening,197,179,22,0,stable_top:Evening,stable_top,Evening,BOX,12,12,1,0,0,0,0,0
2025-12-31,sharepacks,tool_only,sharepacks/2025-12-31/Ohio4/candidate_universe__tool_only__baseline_ref_20260121.json,Ohio4,2025-12-30,Evening,197,179,22,0,stable_top:Midday,stable_top,Midday,BOX,9,9,1,0,0,0,0,0
2025-12-31,sharepacks,tool_only,sharepacks/2025-12-31/Ohio4/candidate_universe__tool_only__baseline_ref_20260121.json,Ohio4,2025-12-30,Evening,197,179,22,0,vtrac_top_straights,vtrac_enhanced_top,Unknown,STRAIGHT,8,8,1,0,0,0,0,0
2025-12-31,sharepacks,tool_only,sharepacks/2025-12-31/Ohio4/candidate_universe__tool_only__baseline_ref_20260121.json,Ohio4,2025-12-30,Midday,306,036,8,0,__UNION__,union,Unknown,MIXED,176,176,1,0,0,0,0,0
2025-12-31,sharepacks,tool_only,sharepacks/2025-12-31/Ohio4/candidate_universe__tool_only__baseline_ref_20260121.json,Ohio4,2025-12-30,Midday,306,036,8,0,aux_positional_shortlist,aux_positional,Unknown,STRAIGHT,10,10,1,0,0,0,0,0
2025-12-31,sharepacks,tool_only,sharepacks/2025-12-31/Ohio4/candidate_universe__tool_only__baseline_ref_20260121.json,Ohio4,2025-12-30,Midday,306,036,8,0,aux_vtrac_index_overdue:Combined:idx=10,aux_vtrac_index_overdue,Combined,STRAIGHT,24,24,1,0,0,0,0,0
2025-12-31,sharepacks,tool_only,sharepacks/2025-12-31/Ohio4/candidate_universe__tool_only__baseline_ref_20260121.json,Ohio4,2025-12-30,Midday,306,036,8,0,aux_vtrac_index_overdue:Combined:idx=16,aux_vtrac_index_overdue,Combined,STRAIGHT,6,6,1,0,0,0,0,0
2025-12-31,sharepacks,tool_only,sharepacks/2025-12-31/Ohio4/candidate_universe__tool_only__baseline_ref_20260121.json,Ohio4,2025-12-30,Midday,306,036,8,0,aux_vtrac_index_overdue:Evening:idx=16,aux_vtrac_index_overdue,Evening,STRAIGHT,6,6,1,0,0,0,0,0
2025-12-31,sharepacks,tool_only,sharepacks/2025-12-31/Ohio4/candidate_universe__tool_only__baseline_ref_20260121.json,Ohio4,2025-12-30,Midday,306,036,8,0,aux_vtrac_index_overdue:Evening:idx=35,aux_vtrac_index_overdue,Evening,STRAIGHT,6,6,1,0,0,0,0,0
2025-12-31,sharepacks,tool_only,sharepacks/2025-12-31/Ohio4/candidate_universe__tool_only__baseline_ref_20260121.json,Ohio4,2025-12-30,Midday,306,036,8,0,aux_vtrac_index_overdue:Midday:idx=16,aux_vtrac_index_overdue,Midday,STRAIGHT,6,6,1,0,0,0,0,0
2025-12-31,sharepacks,tool_only,sharepacks/2025-12-31/Ohio4/candidate_universe__tool_only__baseline_ref_20260121.json,Ohio4,2025-12-30,Midday,306,036,8,0,aux_vtrac_index_overdue:Midday:idx=28,aux_vtrac_index_overdue,Midday,STRAIGHT,24,24,1,0,0,0,0,0
2025-12-31,sharepacks,tool_only,sharepacks/2025-12-31/Ohio4/candidate_universe__tool_only__baseline_ref_20260121.json,Ohio4,2025-12-30,Midday,306,036,8,0,combo_pack:PackA_vt8:seed=017,PackA_vt8,Unknown,STRAIGHT,8,8,1,0,0,0,0,0
2025-12-31,sharepacks,tool_only,sharepacks/2025-12-31/Ohio4/candidate_universe__tool_only__baseline_ref_20260121.json,Ohio4,2025-12-30,Midday,306,036,8,0,combo_pack:PackB_mirror3rd:seed=017,PackB_mirror3rd,Unknown,STRAIGHT,12,12,1,0,0,0,0,0
2025-12-31,sharepacks,tool_only,sharepacks/2025-12-31/Ohio4/candidate_universe__tool_only__baseline_ref_20260121.json,Ohio4,2025-12-30,Midday,306,036,8,0,combo_pack:R-perm-4:envelope,R-perm-4,Unknown,STRAIGHT,16,16,1,0,0,0,0,0
2025-12-31,sharepacks,tool_only,sharepacks/2025-12-31/Ohio4/candidate_universe__tool_only__baseline_ref_20260121.json,Ohio4,2025-12-30,Midday,306,036,8,0,combo_pack:consensus_double_9:trigger=7:keys=091,consensus_double_9,Unknown,MIXED,9,9,1,0,0,0,0,0
2025-12-31,sharepacks,tool_only,sharepacks/2025-12-31/Ohio4/candidate_universe__tool_only__baseline_ref_20260121.json,Ohio4,2025-12-30,Midday,306,036,8,0,due_doubles:Combined,due_doubles,Combined,BOX,12,12,1,0,0,0,0,0
2025-12-31,sharepacks,tool_only,sharepacks/2025-12-31/Ohio4/candidate_universe__tool_only__baseline_ref_20260121.json,Ohio4,2025-12-30,Midday,306,036,8,0,due_doubles:Evening,due_doubles,Evening,BOX,12,12,1,0,0,0,0,0
2025-12-31,sharepacks,tool_only,sharepacks/2025-12-31/Ohio4/candidate_universe__tool_only__baseline_ref_20260121.json,Ohio4,2025-12-30,Midday,306,036,8,0,due_doubles:Midday,due_doubles,Midday,BOX,12,12,1,0,0,0,0,0
2025-12-31,sharepacks,tool_only,sharepacks/2025-12-31/Ohio4/candidate_universe__tool_only__baseline_ref_20260121.json,Ohio4,2025-12-30,Midday,306,036,8,0,due_doubles_mirror_double:Combined:seed=009,due_doubles_mirror_double,Combined,BOX,6,6,1,0,0,0,0,0
2025-12-31,sharepacks,tool_only,sharepacks/2025-12-31/Ohio4/candidate_universe__tool_only__baseline_ref_20260121.json,Ohio4,2025-12-30,Midday,306,036,8,0,due_doubles_mirror_double:Evening:seed=009,due_doubles_mirror_double,Evening,BOX,6,6,1,0,0,0,0,0
2025-12-31,sharepacks,tool_only,sharepacks/2025-12-31/Ohio4/candidate_universe__tool_only__baseline_ref_20260121.json,Ohio4,2025-12-30,Midday,306,036,8,0,due_doubles_mirror_double:Midday:seed=009,due_doubles_mirror_double,Midday,BOX,6,6,1,0,0,0,0,0
2025-12-31,sharepacks,tool_only,sharepacks/2025-12-31/Ohio4/candidate_universe__tool_only__baseline_ref_20260121.json,Ohio4,2025-12-30,Midday,306,036,8,0,due_doubles_mirror_single:Combined:seed=009,due_doubles_mirror_single,Combined,BOX,6,6,1,0,0,0,0,0
2025-12-31,sharepacks,tool_only,sharepacks/2025-12-31/Ohio4/candidate_universe__tool_only__baseline_ref_20260121.json,Ohio4,2025-12-30,Midday,306,036,8,0,due_doubles_mirror_single:Evening:seed=009,due_doubles_mirror_single,Evening,BOX,6,6,1,0,0,0,0,0
2025-12-31,sharepacks,tool_only,sharepacks/2025-12-31/Ohio4/candidate_universe__tool_only__baseline_ref_20260121.json,Ohio4,2025-12-30,Midday,306,036,8,0,due_doubles_mirror_single:Midday:seed=009,due_doubles_mirror_single,Midday,BOX,6,6,1,0,0,0,0,0
2025-12-31,sharepacks,tool_only,sharepacks/2025-12-31/Ohio4/candidate_universe__tool_only__baseline_ref_20260121.json,Ohio4,2025-12-30,Midday,306,036,8,0,hot_zones_top_triads,hot_zones_top,Unknown,STRAIGHT,8,8,1,0,0,0,0,0
2025-12-31,sharepacks,tool_only,sharepacks/2025-12-31/Ohio4/candidate_universe__tool_only__baseline_ref_20260121.json,Ohio4,2025-12-30,Midday,306,036,8,0,mirror_pair_closure:pair=0/5,mirror_pair_closure,Unknown,BOX,18,18,1,0,0,0,0,0
2025-12-31,sharepacks,tool_only,sharepacks/2025-12-31/Ohio4/candidate_universe__tool_only__baseline_ref_20260121.json,Ohio4,2025-12-30,Midday,306,036,8,0,mirror_pair_closure:pair=2/7,mirror_pair_closure,Unknown,BOX,18,18,1,0,0,0,0,0
2025-12-31,sharepacks,tool_only,sharepacks/2025-12-31/Ohio4/candidate_universe__tool_only__baseline_ref_20260121.json,Ohio4,2025-12-30,Midday,306,036,8,0,stable_top:Combined,stable_top,Combined,BOX,12,12,1,0,0,0,0,0
2025-12-31,sharepacks,tool_only,sharepacks/2025-12-31/Ohio4/candidate_universe__tool_only__baseline_ref_20260121.json,Ohio4,2025-12-30,Midday,306,036,8,0,stable_top:Evening,stable_top,Evening,BOX,12,12,1,0,0,0,0,0
2025-12-31,sharepacks,tool_only,sharepacks/2025-12-31/Ohio4/candidate_universe__tool_only__baseline_ref_20260121.json,Ohio4,2025-12-30,Midday,306,036,8,0,stable_top:Midday,stable_top,Midday,BOX,9,9,1,0,0,0,0,0
2025-12-31,sharepacks,tool_only,sharepacks/2025-12-31/Ohio4/candidate_universe__tool_only__baseline_ref_20260121.json,Ohio4,2025-12-30,Midday,306,036,8,0,vtrac_top_straights,vtrac_enhanced_top,Unknown,STRAIGHT,8,8,1,0,0,0,0,0
2025-12-31,sharepacks,tool_only,sharepacks/2025-12-31/OntarioCanada4/candidate_universe__tool_only__baseline_ref_20260121.json,OntarioCanada4,2025-12-30,Evening,932,239,30,0,__UNION__,union,Unknown,MIXED,165,165,1,0,0,0,0,0
2025-12-31,sharepacks,tool_only,sharepacks/2025-12-31/OntarioCanada4/candidate_universe__tool_only__baseline_ref_20260121.json,OntarioCanada4,2025-12-30,Evening,932,239,30,0,aux_positional_shortlist,aux_positional,Unknown,STRAIGHT,10,10,1,0,0,0,0,0
2025-12-31,sharepacks,tool_only,sharepacks/2025-12-31/OntarioCanada4/candidate_universe__tool_only__baseline_ref_20260121.json,OntarioCanada4,2025-12-30,Evening,932,239,30,0,aux_vtrac_index_overdue:Combined:idx=1,aux_vtrac_index_overdue,Combined,STRAIGHT,6,6,1,0,0,0,0,0
2025-12-31,sharepacks,tool_only,sharepacks/2025-12-31/OntarioCanada4/candidate_universe__tool_only__baseline_ref_20260121.json,OntarioCanada4,2025-12-30,Evening,932,239,30,0,aux_vtrac_index_overdue:Combined:idx=16,aux_vtrac_index_overdue,Combined,STRAIGHT,6,6,1,0,0,0,0,0
2025-12-31,sharepacks,tool_only,sharepacks/2025-12-31/OntarioCanada4/candidate_universe__tool_only__baseline_ref_20260121.json,OntarioCanada4,2025-12-30,Evening,932,239,30,0,aux_vtrac_index_overdue:Evening:idx=1,aux_vtrac_index_overdue,Evening,STRAIGHT,6,6,1,0,0,0,0,0
2025-12-31,sharepacks,tool_only,sharepacks/2025-12-31/OntarioCanada4/candidate_universe__tool_only__baseline_ref_20260121.json,OntarioCanada4,2025-12-30,Evening,932,239,30,0,aux_vtrac_index_overdue:Evening:idx=35,aux_vtrac_index_overdue,Evening,STRAIGHT,6,6,1,0,0,0,0,0
2025-12-31,sharepacks,tool_only,sharepacks/2025-12-31/OntarioCanada4/candidate_universe__tool_only__baseline_ref_20260121.json,OntarioCanada4,2025-12-30,Evening,932,239,30,0,aux_vtrac_index_overdue:Midday:idx=1,aux_vtrac_index_overdue,Midday,STRAIGHT,6,6,1,0,0,0,0,0
2025-12-31,sharepacks,tool_only,sharepacks/2025-12-31/OntarioCanada4/candidate_universe__tool_only__baseline_ref_20260121.json,OntarioCanada4,2025-12-30,Evening,932,239,30,0,aux_vtrac_index_overdue:Midday:idx=34,aux_vtrac_index_overdue,Midday,STRAIGHT,24,24,1,0,0,0,0,0
2025-12-31,sharepacks,tool_only,sharepacks/2025-12-31/OntarioCanada4/candidate_universe__tool_only__baseline_ref_20260121.json,OntarioCanada4,2025-12-30,Evening,932,239,30,0,combo_pack:PackA_vt8:seed=045,PackA_vt8,Unknown,STRAIGHT,8,8,1,0,0,0,0,0
2025-12-31,sharepacks,tool_only,sharepacks/2025-12-31/OntarioCanada4/candidate_universe__tool_only__baseline_ref_20260121.json,OntarioCanada4,2025-12-30,Evening,932,239,30,0,combo_pack:PackB_mirror3rd:seed=045,PackB_mirror3rd,Unknown,STRAIGHT,9,9,1,0,0,0,0,0
2025-12-31,sharepacks,tool_only,sharepacks/2025-12-31/OntarioCanada4/candidate_universe__tool_only__baseline_ref_20260121.json,OntarioCanada4,2025-12-30,Evening,932,239,30,0,combo_pack:R-perm-4:envelope,R-perm-4,Unknown,STRAIGHT,16,16,1,0,0,0,0,0
2025-12-31,sharepacks,tool_only,sharepacks/2025-12-31/OntarioCanada4/candidate_universe__tool_only__baseline_ref_20260121.json,OntarioCanada4,2025-12-30,Evening,932,239,30,0,combo_pack:consensus_double_9:trigger=8:keys=405,consensus_double_9,Unknown,MIXED,9,9,1,0,0,0,0,0
2025-12-31,sharepacks,tool_only,sharepacks/2025-12-31/OntarioCanada4/candidate_universe__tool_only__baseline_ref_20260121.json,OntarioCanada4,2025-12-30,Evening,932,239,30,0,due_doubles:Combined,due_doubles,Combined,BOX,12,12,1,0,0,0,0,0
2025-12-31,sharepacks,tool_only,sharepacks/2025-12-31/OntarioCanada4/candidate_universe__tool_only__baseline_ref_20260121.json,OntarioCanada4,2025-12-30,Evening,932,239,30,0,due_doubles:Evening,due_doubles,Evening,BOX,12,12,1,0,0,0,0,0
2025-12-31,sharepacks,tool_only,sharepacks/2025-12-31/OntarioCanada4/candidate_universe__tool_only__baseline_ref_20260121.json,OntarioCanada4,2025-12-30,Evening,932,239,30,0,due_doubles:Midday,due_doubles,Midday,BOX,12,12,1,0,0,0,0,0
2025-12-31,sharepacks,tool_only,sharepacks/2025-12-31/OntarioCanada4/candidate_universe__tool_only__baseline_ref_20260121.json,OntarioCanada4,2025-12-30,Evening,932,239,30,0,due_doubles_mirror_double:Combined:seed=004,due_doubles_mirror_double,Combined,BOX,6,6,1,0,0,0,0,0
2025-12-31,sharepacks,tool_only,sharepacks/2025-12-31/OntarioCanada4/candidate_universe__tool_only__baseline_ref_20260121.json,OntarioCanada4,2025-12-30,Evening,932,239,30,0,due_doubles_mirror_double:Evening:seed=004,due_doubles_mirror_double,Evening,BOX,6,6,1,0,0,0,0,0
2025-12-31,sharepacks,tool_only,sharepacks/2025-12-31/OntarioCanada4/candidate_universe__tool_only__baseline_ref_20260121.json,OntarioCanada4,2025-12-30,Evening,932,239,30,0,due_doubles_mirror_double:Midday:seed=004,due_doubles_mirror_double,Midday,BOX,6,6,1,0,0,0,0,0
2025-12-31,sharepacks,tool_only,sharepacks/2025-12-31/OntarioCanada4/candidate_universe__tool_only__baseline_ref_20260121.json,OntarioCanada4,2025-12-30,Evening,932,239,30,0,due_doubles_mirror_single:Combined:seed=004,due_doubles_mirror_single,Combined,BOX,6,6,1,0,0,0,0,0
2025-12-31,sharepacks,tool_only,sharepacks/2025-12-31/OntarioCanada4/candidate_universe__tool_only__baseline_ref_20260121.json,OntarioCanada4,2025-12-30,Evening,932,239,30,0,due_doubles_mirror_single:Evening:seed=004,due_doubles_mirror_single,Evening,BOX,6,6,1,0,0,0,0,0
2025-12-31,sharepacks,tool_only,sharepacks/2025-12-31/OntarioCanada4/candidate_universe__tool_only__baseline_ref_20260121.json,OntarioCanada4,2025-12-30,Evening,932,239,30,0,due_doubles_mirror_single:Midday:seed=004,due_doubles_mirror_single,Midday,BOX,6,6,1,0,0,0,0,0
2025-12-31,sharepacks,tool_only,sharepacks/2025-12-31/OntarioCanada4/candidate_universe__tool_only__baseline_ref_20260121.json,OntarioCanada4,2025-12-30,Evening,932,239,30,0,hot_zones_top_triads,hot_zones_top,Unknown,STRAIGHT,8,8,1,0,0,0,0,0
2025-12-31,sharepacks,tool_only,sharepacks/2025-12-31/OntarioCanada4/candidate_universe__tool_only__baseline_ref_20260121.json,OntarioCanada4,2025-12-30,Evening,932,239,30,0,mirror_pair_closure:pair=1/6,mirror_pair_closure,Unknown,BOX,18,18,1,0,0,0,0,0
2025-12-31,sharepacks,tool_only,sharepacks/2025-12-31/OntarioCanada4/candidate_universe__tool_only__baseline_ref_20260121.json,OntarioCanada4,2025-12-30,Evening,932,239,30,0,mirror_pair_closure:pair=3/8,mirror_pair_closure,Unknown,BOX,18,18,1,0,0,0,0,0
2025-12-31,sharepacks,tool_only,sharepacks/2025-12-31/OntarioCanada4/candidate_universe__tool_only__baseline_ref_20260121.json,OntarioCanada4,2025-12-30,Evening,932,239,30,0,stable_top:Combined,stable_top,Combined,BOX,9,9,1,0,0,0,0,0
2025-12-31,sharepacks,tool_only,sharepacks/2025-12-31/OntarioCanada4/candidate_universe__tool_only__baseline_ref_20260121.json,OntarioCanada4,2025-12-30,Evening,932,239,30,0,stable_top:Evening,stable_top,Evening,BOX,9,9,1,0,0,0,0,0
2025-12-31,sharepacks,tool_only,sharepacks/2025-12-31/OntarioCanada4/candidate_universe__tool_only__baseline_ref_20260121.json,OntarioCanada4,2025-12-30,Evening,932,239,30,0,stable_top:Midday,stable_top,Midday,BOX,9,9,1,0,0,0,0,0
2025-12-31,sharepacks,tool_only,sharepacks/2025-12-31/OntarioCanada4/candidate_universe__tool_only__baseline_ref_20260121.json,OntarioCanada4,2025-12-30,Evening,932,239,30,0,vtrac_top_straights,vtrac_enhanced_top,Unknown,STRAIGHT,8,8,1,0,0,0,0,0
2025-12-31,sharepacks,tool_only,sharepacks/2025-12-31/OntarioCanada4/candidate_universe__tool_only__baseline_ref_20260121.json,OntarioCanada4,2025-12-30,Midday,918,189,24,0,__UNION__,union,Unknown,MIXED,165,165,1,1,0,1,1,0
2025-12-31,sharepacks,tool_only,sharepacks/2025-12-31/OntarioCanada4/candidate_universe__tool_only__baseline_ref_20260121.json,OntarioCanada4,2025-12-30,Midday,918,189,24,0,aux_positional_shortlist,aux_positional,Unknown,STRAIGHT,10,10,1,0,0,0,1,1
2025-12-31,sharepacks,tool_only,sharepacks/2025-12-31/OntarioCanada4/candidate_universe__tool_only__baseline_ref_20260121.json,OntarioCanada4,2025-12-30,Midday,918,189,24,0,aux_vtrac_index_overdue:Combined:idx=1,aux_vtrac_index_overdue,Combined,STRAIGHT,6,6,1,0,0,0,0,0
2025-12-31,sharepacks,tool_only,sharepacks/2025-12-31/OntarioCanada4/candidate_universe__tool_only__baseline_ref_20260121.json,OntarioCanada4,2025-12-30,Midday,918,189,24,0,aux_vtrac_index_overdue:Combined:idx=16,aux_vtrac_index_overdue,Combined,STRAIGHT,6,6,1,0,0,0,0,0
2025-12-31,sharepacks,tool_only,sharepacks/2025-12-31/OntarioCanada4/candidate_universe__tool_only__baseline_ref_20260121.json,OntarioCanada4,2025-12-30,Midday,918,189,24,0,aux_vtrac_index_overdue:Evening:idx=1,aux_vtrac_index_overdue,Evening,STRAIGHT,6,6,1,0,0,0,0,0
2025-12-31,sharepacks,tool_only,sharepacks/2025-12-31/OntarioCanada4/candidate_universe__tool_only__baseline_ref_20260121.json,OntarioCanada4,2025-12-30,Midday,918,189,24,0,aux_vtrac_index_overdue:Evening:idx=35,aux_vtrac_index_overdue,Evening,STRAIGHT,6,6,1,0,0,0,0,0
2025-12-31,sharepacks,tool_only,sharepacks/2025-12-31/OntarioCanada4/candidate_universe__tool_only__baseline_ref_20260121.json,OntarioCanada4,2025-12-30,Midday,918,189,24,0,aux_vtrac_index_overdue:Midday:idx=1,aux_vtrac_index_overdue,Midday,STRAIGHT,6,6,1,0,0,0,0,0
2025-12-31,sharepacks,tool_only,sharepacks/2025-12-31/OntarioCanada4/candidate_universe__tool_only__baseline_ref_20260121.json,OntarioCanada4,2025-12-30,Midday,918,189,24,0,aux_vtrac_index_overdue:Midday:idx=34,aux_vtrac_index_overdue,Midday,STRAIGHT,24,24,1,0,0,0,0,0
2025-12-31,sharepacks,tool_only,sharepacks/2025-12-31/OntarioCanada4/candidate_universe__tool_only__baseline_ref_20260121.json,OntarioCanada4,2025-12-30,Midday,918,189,24,0,combo_pack:PackA_vt8:seed=045,PackA_vt8,Unknown,STRAIGHT,8,8,1,0,0,0,0,0
2025-12-31,sharepacks,tool_only,sharepacks/2025-12-31/OntarioCanada4/candidate_universe__tool_only__baseline_ref_20260121.json,OntarioCanada4,2025-12-30,Midday,918,189,24,0,combo_pack:PackB_mirror3rd:seed=045,PackB_mirror3rd,Unknown,STRAIGHT,9,9,1,0,0,0,0,0
2025-12-31,sharepacks,tool_only,sharepacks/2025-12-31/OntarioCanada4/candidate_universe__tool_only__baseline_ref_20260121.json,OntarioCanada4,2025-12-30,Midday,918,189,24,0,combo_pack:R-perm-4:envelope,R-perm-4,Unknown,STRAIGHT,16,16,1,0,0,0,0,0
2025-12-31,sharepacks,tool_only,sharepacks/2025-12-31/OntarioCanada4/candidate_universe__tool_only__baseline_ref_20260121.json,OntarioCanada4,2025-12-30,Midday,918,189,24,0,combo_pack:consensus_double_9:trigger=8:keys=405,consensus_double_9,Unknown,MIXED,9,9,1,0,0,0,0,0
2025-12-31,sharepacks,tool_only,sharepacks/2025-12-31/OntarioCanada4/candidate_universe__tool_only__baseline_ref_20260121.json,OntarioCanada4,2025-12-30,Midday,918,189,24,0,due_doubles:Combined,due_doubles,Combined,BOX,12,12,1,0,0,0,0,0
2025-12-31,sharepacks,tool_only,sharepacks/2025-12-31/OntarioCanada4/candidate_universe__tool_only__baseline_ref_20260121.json,OntarioCanada4,2025-12-30,Midday,918,189,24,0,due_doubles:Evening,due_doubles,Evening,BOX,12,12,1,0,0,0,0,0
2025-12-31,sharepacks,tool_only,sharepacks/2025-12-31/OntarioCanada4/candidate_universe__tool_only__baseline_ref_20260121.json,OntarioCanada4,2025-12-30,Midday,918,189,24,0,due_doubles:Midday,due_doubles,Midday,BOX,12,12,1,0,0,0,0,0
2025-12-31,sharepacks,tool_only,sharepacks/2025-12-31/OntarioCanada4/candidate_universe__tool_only__baseline_ref_20260121.json,OntarioCanada4,2025-12-30,Midday,918,189,24,0,due_doubles_mirror_double:Combined:seed=004,due_doubles_mirror_double,Combined,BOX,6,6,1,0,0,0,0,0
2025-12-31,sharepacks,tool_only,sharepacks/2025-12-31/OntarioCanada4/candidate_universe__tool_only__baseline_ref_20260121.json,OntarioCanada4,2025-12-30,Midday,918,189,24,0,due_doubles_mirror_double:Evening:seed=004,due_doubles_mirror_double,Evening,BOX,6,6,1,0,0,0,0,0
2025-12-31,sharepacks,tool_only,sharepacks/2025-12-31/OntarioCanada4/candidate_universe__tool_only__baseline_ref_20260121.json,OntarioCanada4,2025-12-30,Midday,918,189,24,0,due_doubles_mirror_double:Midday:seed=004,due_doubles_mirror_double,Midday,BOX,6,6,1,0,0,0,0,0
2025-12-31,sharepacks,tool_only,sharepacks/2025-12-31/OntarioCanada4/candidate_universe__tool_only__baseline_ref_20260121.json,OntarioCanada4,2025-12-30,Midday,918,189,24,0,due_doubles_mirror_single:Combined:seed=004,due_doubles_mirror_single,Combined,BOX,6,6,1,0,0,0,0,0
2025-12-31,sharepacks,tool_only,sharepacks/2025-12-31/OntarioCanada4/candidate_universe__tool_only__baseline_ref_20260121.json,OntarioCanada4,2025-12-30,Midday,918,189,24,0,due_doubles_mirror_single:Evening:seed=004,due_doubles_mirror_single,Evening,BOX,6,6,1,0,0,0,0,0
2025-12-31,sharepacks,tool_only,sharepacks/2025-12-31/OntarioCanada4/candidate_universe__tool_only__baseline_ref_20260121.json,OntarioCanada4,2025-12-30,Midday,918,189,24,0,due_doubles_mirror_single:Midday:seed=004,due_doubles_mirror_single,Midday,BOX,6,6,1,0,0,0,0,0
2025-12-31,sharepacks,tool_only,sharepacks/2025-12-31/OntarioCanada4/candidate_universe__tool_only__baseline_ref_20260121.json,OntarioCanada4,2025-12-30,Midday,918,189,24,0,hot_zones_top_triads,hot_zones_top,Unknown,STRAIGHT,8,8,1,0,0,0,0,0
2025-12-31,sharepacks,tool_only,sharepacks/2025-12-31/OntarioCanada4/candidate_universe__tool_only__baseline_ref_20260121.json,OntarioCanada4,2025-12-30,Midday,918,189,24,0,mirror_pair_closure:pair=1/6,mirror_pair_closure,Unknown,BOX,18,18,1,0,0,0,0,0
2025-12-31,sharepacks,tool_only,sharepacks/2025-12-31/OntarioCanada4/candidate_universe__tool_only__baseline_ref_20260121.json,OntarioCanada4,2025-12-30,Midday,918,189,24,0,mirror_pair_closure:pair=3/8,mirror_pair_closure,Unknown,BOX,18,18,1,0,0,0,0,0
2025-12-31,sharepacks,tool_only,sharepacks/2025-12-31/OntarioCanada4/candidate_universe__tool_only__baseline_ref_20260121.json,OntarioCanada4,2025-12-30,Midday,918,189,24,0,stable_top:Combined,stable_top,Combined,BOX,9,9,1,0,0,0,0,0
2025-12-31,sharepacks,tool_only,sharepacks/2025-12-31/OntarioCanada4/candidate_universe__tool_only__baseline_ref_20260121.json,OntarioCanada4,2025-12-30,Midday,918,189,24,0,stable_top:Evening,stable_top,Evening,BOX,9,9,1,0,0,0,0,0
2025-12-31,sharepacks,tool_only,sharepacks/2025-12-31/OntarioCanada4/candidate_universe__tool_only__baseline_ref_20260121.json,OntarioCanada4,2025-12-30,Midday,918,189,24,0,stable_top:Midday,stable_top,Midday,BOX,9,9,1,0,0,0,0,0
2025-12-31,sharepacks,tool_only,sharepacks/2025-12-31/OntarioCanada4/candidate_universe__tool_only__baseline_ref_20260121.json,OntarioCanada4,2025-12-30,Midday,918,189,24,0,vtrac_top_straights,vtrac_enhanced_top,Unknown,STRAIGHT,8,8,1,0,0,0,0,0
2025-12-31,sharepacks,tool_only,sharepacks/2025-12-31/Pennsylvania4/candidate_universe__tool_only__baseline_ref_20260121.json,Pennsylvania4,2025-12-30,Evening,221,122,20,0,__UNION__,union,Unknown,MIXED,152,152,1,0,0,0,1,1
2025-12-31,sharepacks,tool_only,sharepacks/2025-12-31/Pennsylvania4/candidate_universe__tool_only__baseline_ref_20260121.json,Pennsylvania4,2025-12-30,Evening,221,122,20,0,aux_positional_shortlist,aux_positional,Unknown,STRAIGHT,10,10,1,0,0,0,0,0
2025-12-31,sharepacks,tool_only,sharepacks/2025-12-31/Pennsylvania4/candidate_universe__tool_only__baseline_ref_20260121.json,Pennsylvania4,2025-12-30,Evening,221,122,20,0,aux_vtrac_index_overdue:Combined:idx=26,aux_vtrac_index_overdue,Combined,STRAIGHT,6,6,1,0,0,0,0,0
2025-12-31,sharepacks,tool_only,sharepacks/2025-12-31/Pennsylvania4/candidate_universe__tool_only__baseline_ref_20260121.json,Pennsylvania4,2025-12-30,Evening,221,122,20,0,aux_vtrac_index_overdue:Combined:idx=32,aux_vtrac_index_overdue,Combined,STRAIGHT,6,6,1,0,0,0,0,0
2025-12-31,sharepacks,tool_only,sharepacks/2025-12-31/Pennsylvania4/candidate_universe__tool_only__baseline_ref_20260121.json,Pennsylvania4,2025-12-30,Evening,221,122,20,0,aux_vtrac_index_overdue:Evening:idx=23,aux_vtrac_index_overdue,Evening,STRAIGHT,24,24,1,0,0,0,0,0
2025-12-31,sharepacks,tool_only,sharepacks/2025-12-31/Pennsylvania4/candidate_universe__tool_only__baseline_ref_20260121.json,Pennsylvania4,2025-12-30,Evening,221,122,20,0,aux_vtrac_index_overdue:Evening:idx=32,aux_vtrac_index_overdue,Evening,STRAIGHT,6,6,1,0,0,0,0,0
2025-12-31,sharepacks,tool_only,sharepacks/2025-12-31/Pennsylvania4/candidate_universe__tool_only__baseline_ref_20260121.json,Pennsylvania4,2025-12-30,Evening,221,122,20,0,aux_vtrac_index_overdue:Midday:idx=1,aux_vtrac_index_overdue,Midday,STRAIGHT,6,6,1,0,0,0,0,0
2025-12-31,sharepacks,tool_only,sharepacks/2025-12-31/Pennsylvania4/candidate_universe__tool_only__baseline_ref_20260121.json,Pennsylvania4,2025-12-30,Evening,221,122,20,0,aux_vtrac_index_overdue:Midday:idx=26,aux_vtrac_index_overdue,Midday,STRAIGHT,6,6,1,0,0,0,0,0
2025-12-31,sharepacks,tool_only,sharepacks/2025-12-31/Pennsylvania4/candidate_universe__tool_only__baseline_ref_20260121.json,Pennsylvania4,2025-12-30,Evening,221,122,20,0,combo_pack:PackA_vt8:seed=037,PackA_vt8,Unknown,STRAIGHT,8,8,1,0,0,0,0,0
2025-12-31,sharepacks,tool_only,sharepacks/2025-12-31/Pennsylvania4/candidate_universe__tool_only__baseline_ref_20260121.json,Pennsylvania4,2025-12-30,Evening,221,122,20,0,combo_pack:PackB_mirror3rd:seed=037,PackB_mirror3rd,Unknown,STRAIGHT,12,12,1,0,0,0,0,0
2025-12-31,sharepacks,tool_only,sharepacks/2025-12-31/Pennsylvania4/candidate_universe__tool_only__baseline_ref_20260121.json,Pennsylvania4,2025-12-30,Evening,221,122,20,0,combo_pack:R-perm-4:envelope,R-perm-4,Unknown,STRAIGHT,16,16,1,0,0,0,0,0
2025-12-31,sharepacks,tool_only,sharepacks/2025-12-31/Pennsylvania4/candidate_universe__tool_only__baseline_ref_20260121.json,Pennsylvania4,2025-12-30,Evening,221,122,20,0,combo_pack:consensus_double_9:trigger=1:keys=307,consensus_double_9,Unknown,MIXED,9,9,1,0,0,0,0,0
2025-12-31,sharepacks,tool_only,sharepacks/2025-12-31/Pennsylvania4/candidate_universe__tool_only__baseline_ref_20260121.json,Pennsylvania4,2025-12-30,Evening,221,122,20,0,due_doubles:Combined,due_doubles,Combined,BOX,12,12,1,0,0,0,0,0
2025-12-31,sharepacks,tool_only,sharepacks/2025-12-31/Pennsylvania4/candidate_universe__tool_only__baseline_ref_20260121.json,Pennsylvania4,2025-12-30,Evening,221,122,20,0,due_doubles:Evening,due_doubles,Evening,BOX,12,12,1,0,0,0,0,0
2025-12-31,sharepacks,tool_only,sharepacks/2025-12-31/Pennsylvania4/candidate_universe__tool_only__baseline_ref_20260121.json,Pennsylvania4,2025-12-30,Evening,221,122,20,0,due_doubles:Midday,due_doubles,Midday,BOX,12,12,1,0,0,0,0,0
2025-12-31,sharepacks,tool_only,sharepacks/2025-12-31/Pennsylvania4/candidate_universe__tool_only__baseline_ref_20260121.json,Pennsylvania4,2025-12-30,Evening,221,122,20,0,due_doubles_mirror_double:Combined:seed=007,due_doubles_mirror_double,Combined,BOX,6,6,1,0,0,0,0,0
2025-12-31,sharepacks,tool_only,sharepacks/2025-12-31/Pennsylvania4/candidate_universe__tool_only__baseline_ref_20260121.json,Pennsylvania4,2025-12-30,Evening,221,122,20,0,due_doubles_mirror_double:Evening:seed=007,due_doubles_mirror_double,Evening,BOX,6,6,1,0,0,0,0,0
2025-12-31,sharepacks,tool_only,sharepacks/2025-12-31/Pennsylvania4/candidate_universe__tool_only__baseline_ref_20260121.json,Pennsylvania4,2025-12-30,Evening,221,122,20,0,due_doubles_mirror_double:Midday:seed=007,due_doubles_mirror_double,Midday,BOX,6,6,1,0,0,0,0,0
2025-12-31,sharepacks,tool_only,sharepacks/2025-12-31/Pennsylvania4/candidate_universe__tool_only__baseline_ref_20260121.json,Pennsylvania4,2025-12-30,Evening,221,122,20,0,due_doubles_mirror_single:Combined:seed=007,due_doubles_mirror_single,Combined,BOX,6,6,1,0,0,0,0,0
2025-12-31,sharepacks,tool_only,sharepacks/2025-12-31/Pennsylvania4/candidate_universe__tool_only__baseline_ref_20260121.json,Pennsylvania4,2025-12-30,Evening,221,122,20,0,due_doubles_mirror_single:Evening:seed=007,due_doubles_mirror_single,Evening,BOX,6,6,1,0,0,0,0,0
2025-12-31,sharepacks,tool_only,sharepacks/2025-12-31/Pennsylvania4/candidate_universe__tool_only__baseline_ref_20260121.json,Pennsylvania4,2025-12-30,Evening,221,122,20,0,due_doubles_mirror_single:Midday:seed=007,due_doubles_mirror_single,Midday,BOX,6,6,1,0,0,0,0,0
2025-12-31,sharepacks,tool_only,sharepacks/2025-12-31/Pennsylvania4/candidate_universe__tool_only__baseline_ref_20260121.json,Pennsylvania4,2025-12-30,Evening,221,122,20,0,hot_zones_top_triads,hot_zones_top,Unknown,STRAIGHT,8,8,1,0,0,0,0,0
2025-12-31,sharepacks,tool_only,sharepacks/2025-12-31/Pennsylvania4/candidate_universe__tool_only__baseline_ref_20260121.json,Pennsylvania4,2025-12-30,Evening,221,122,20,0,mirror_pair_closure:pair=1/6,mirror_pair_closure,Unknown,BOX,18,18,1,0,0,0,0,0
2025-12-31,sharepacks,tool_only,sharepacks/2025-12-31/Pennsylvania4/candidate_universe__tool_only__baseline_ref_20260121.json,Pennsylvania4,2025-12-30,Evening,221,122,20,0,mirror_pair_closure:pair=3/8,mirror_pair_closure,Unknown,BOX,18,18,1,0,0,0,0,0
2025-12-31,sharepacks,tool_only,sharepacks/2025-12-31/Pennsylvania4/candidate_universe__tool_only__baseline_ref_20260121.json,Pennsylvania4,2025-12-30,Evening,221,122,20,0,stable_top:Combined,stable_top,Combined,BOX,12,12,1,0,0,0,1,1
2025-12-31,sharepacks,tool_only,sharepacks/2025-12-31/Pennsylvania4/candidate_universe__tool_only__baseline_ref_20260121.json,Pennsylvania4,2025-12-30,Evening,221,122,20,0,stable_top:Evening,stable_top,Evening,BOX,12,12,1,0,0,0,0,0
2025-12-31,sharepacks,tool_only,sharepacks/2025-12-31/Pennsylvania4/candidate_universe__tool_only__baseline_ref_20260121.json,Pennsylvania4,2025-12-30,Evening,221,122,20,0,stable_top:Midday,stable_top,Midday,BOX,12,12,1,0,0,0,0,0
2025-12-31,sharepacks,tool_only,sharepacks/2025-12-31/Pennsylvania4/candidate_universe__tool_only__baseline_ref_20260121.json,Pennsylvania4,2025-12-30,Evening,221,122,20,0,vtrac_top_straights,vtrac_enhanced_top,Unknown,STRAIGHT,8,8,1,0,0,0,0,0
2025-12-31,sharepacks,tool_only,sharepacks/2025-12-31/Pennsylvania4/candidate_universe__tool_only__baseline_ref_20260121.json,Pennsylvania4,2025-12-30,Midday,684,468,24,0,__UNION__,union,Unknown,MIXED,152,152,1,0,0,0,1,1
2025-12-31,sharepacks,tool_only,sharepacks/2025-12-31/Pennsylvania4/candidate_universe__tool_only__baseline_ref_20260121.json,Pennsylvania4,2025-12-30,Midday,684,468,24,0,aux_positional_shortlist,aux_positional,Unknown,STRAIGHT,10,10,1,0,0,0,1,1
2025-12-31,sharepacks,tool_only,sharepacks/2025-12-31/Pennsylvania4/candidate_universe__tool_only__baseline_ref_20260121.json,Pennsylvania4,2025-12-30,Midday,684,468,24,0,aux_vtrac_index_overdue:Combined:idx=26,aux_vtrac_index_overdue,Combined,STRAIGHT,6,6,1,0,0,0,0,0
2025-12-31,sharepacks,tool_only,sharepacks/2025-12-31/Pennsylvania4/candidate_universe__tool_only__baseline_ref_20260121.json,Pennsylvania4,2025-12-30,Midday,684,468,24,0,aux_vtrac_index_overdue:Combined:idx=32,aux_vtrac_index_overdue,Combined,STRAIGHT,6,6,1,0,0,0,0,0
2025-12-31,sharepacks,tool_only,sharepacks/2025-12-31/Pennsylvania4/candidate_universe__tool_only__baseline_ref_20260121.json,Pennsylvania4,2025-12-30,Midday,684,468,24,0,aux_vtrac_index_overdue:Evening:idx=23,aux_vtrac_index_overdue,Evening,STRAIGHT,24,24,1,0,0,0,0,0
2025-12-31,sharepacks,tool_only,sharepacks/2025-12-31/Pennsylvania4/candidate_universe__tool_only__baseline_ref_20260121.json,Pennsylvania4,2025-12-30,Midday,684,468,24,0,aux_vtrac_index_overdue:Evening:idx=32,aux_vtrac_index_overdue,Evening,STRAIGHT,6,6,1,0,0,0,0,0
2025-12-31,sharepacks,tool_only,sharepacks/2025-12-31/Pennsylvania4/candidate_universe__tool_only__baseline_ref_20260121.json,Pennsylvania4,2025-12-30,Midday,684,468,24,0,aux_vtrac_index_overdue:Midday:idx=1,aux_vtrac_index_overdue,Midday,STRAIGHT,6,6,1,0,0,0,0,0
2025-12-31,sharepacks,tool_only,sharepacks/2025-12-31/Pennsylvania4/candidate_universe__tool_only__baseline_ref_20260121.json,Pennsylvania4,2025-12-30,Midday,684,468,24,0,aux_vtrac_index_overdue:Midday:idx=26,aux_vtrac_index_overdue,Midday,STRAIGHT,6,6,1,0,0,0,0,0
2025-12-31,sharepacks,tool_only,sharepacks/2025-12-31/Pennsylvania4/candidate_universe__tool_only__baseline_ref_20260121.json,Pennsylvania4,2025-12-30,Midday,684,468,24,0,combo_pack:PackA_vt8:seed=037,PackA_vt8,Unknown,STRAIGHT,8,8,1,0,0,0,0,0
2025-12-31,sharepacks,tool_only,sharepacks/2025-12-31/Pennsylvania4/candidate_universe__tool_only__baseline_ref_20260121.json,Pennsylvania4,2025-12-30,Midday,684,468,24,0,combo_pack:PackB_mirror3rd:seed=037,PackB_mirror3rd,Unknown,STRAIGHT,12,12,1,0,0,0,0,0
2025-12-31,sharepacks,tool_only,sharepacks/2025-12-31/Pennsylvania4/candidate_universe__tool_only__baseline_ref_20260121.json,Pennsylvania4,2025-12-30,Midday,684,468,24,0,combo_pack:R-perm-4:envelope,R-perm-4,Unknown,STRAIGHT,16,16,1,0,0,0,0,0
2025-12-31,sharepacks,tool_only,sharepacks/2025-12-31/Pennsylvania4/candidate_universe__tool_only__baseline_ref_20260121.json,Pennsylvania4,2025-12-30,Midday,684,468,24,0,combo_pack:consensus_double_9:trigger=1:keys=307,consensus_double_9,Unknown,MIXED,9,9,1,0,0,0,0,0
2025-12-31,sharepacks,tool_only,sharepacks/2025-12-31/Pennsylvania4/candidate_universe__tool_only__baseline_ref_20260121.json,Pennsylvania4,2025-12-30,Midday,684,468,24,0,due_doubles:Combined,due_doubles,Combined,BOX,12,12,1,0,0,0,0,0
2025-12-31,sharepacks,tool_only,sharepacks/2025-12-31/Pennsylvania4/candidate_universe__tool_only__baseline_ref_20260121.json,Pennsylvania4,2025-12-30,Midday,684,468,24,0,due_doubles:Evening,due_doubles,Evening,BOX,12,12,1,0,0,0,0,0
2025-12-31,sharepacks,tool_only,sharepacks/2025-12-31/Pennsylvania4/candidate_universe__tool_only__baseline_ref_20260121.json,Pennsylvania4,2025-12-30,Midday,684,468,24,0,due_doubles:Midday,due_doubles,Midday,BOX,12,12,1,0,0,0,0,0
2025-12-31,sharepacks,tool_only,sharepacks/2025-12-31/Pennsylvania4/candidate_universe__tool_only__baseline_ref_20260121.json,Pennsylvania4,2025-12-30,Midday,684,468,24,0,due_doubles_mirror_double:Combined:seed=007,due_doubles_mirror_double,Combined,BOX,6,6,1,0,0,0,0,0
2025-12-31,sharepacks,tool_only,sharepacks/2025-12-31/Pennsylvania4/candidate_universe__tool_only__baseline_ref_20260121.json,Pennsylvania4,2025-12-30,Midday,684,468,24,0,due_doubles_mirror_double:Evening:seed=007,due_doubles_mirror_double,Evening,BOX,6,6,1,0,0,0,0,0
2025-12-31,sharepacks,tool_only,sharepacks/2025-12-31/Pennsylvania4/candidate_universe__tool_only__baseline_ref_20260121.json,Pennsylvania4,2025-12-30,Midday,684,468,24,0,due_doubles_mirror_double:Midday:seed=007,due_doubles_mirror_double,Midday,BOX,6,6,1,0,0,0,0,0
2025-12-31,sharepacks,tool_only,sharepacks/2025-12-31/Pennsylvania4/candidate_universe__tool_only__baseline_ref_20260121.json,Pennsylvania4,2025-12-30,Midday,684,468,24,0,due_doubles_mirror_single:Combined:seed=007,due_doubles_mirror_single,Combined,BOX,6,6,1,0,0,0,0,0
2025-12-31,sharepacks,tool_only,sharepacks/2025-12-31/Pennsylvania4/candidate_universe__tool_only__baseline_ref_20260121.json,Pennsylvania4,2025-12-30,Midday,684,468,24,0,due_doubles_mirror_single:Evening:seed=007,due_doubles_mirror_single,Evening,BOX,6,6,1,0,0,0,0,0
2025-12-31,sharepacks,tool_only,sharepacks/2025-12-31/Pennsylvania4/candidate_universe__tool_only__baseline_ref_20260121.json,Pennsylvania4,2025-12-30,Midday,684,468,24,0,due_doubles_mirror_single:Midday:seed=007,due_doubles_mirror_single,Midday,BOX,6,6,1,0,0,0,0,0
2025-12-31,sharepacks,tool_only,sharepacks/2025-12-31/Pennsylvania4/candidate_universe__tool_only__baseline_ref_20260121.json,Pennsylvania4,2025-12-30,Midday,684,468,24,0,hot_zones_top_triads,hot_zones_top,Unknown,STRAIGHT,8,8,1,0,0,0,0,0
2025-12-31,sharepacks,tool_only,sharepacks/2025-12-31/Pennsylvania4/candidate_universe__tool_only__baseline_ref_20260121.json,Pennsylvania4,2025-12-30,Midday,684,468,24,0,mirror_pair_closure:pair=1/6,mirror_pair_closure,Unknown,BOX,18,18,1,0,0,0,0,0
2025-12-31,sharepacks,tool_only,sharepacks/2025-12-31/Pennsylvania4/candidate_universe__tool_only__baseline_ref_20260121.json,Pennsylvania4,2025-12-30,Midday,684,468,24,0,mirror_pair_closure:pair=3/8,mirror_pair_closure,Unknown,BOX,18,18,1,0,0,0,0,0
2025-12-31,sharepacks,tool_only,sharepacks/2025-12-31/Pennsylvania4/candidate_universe__tool_only__baseline_ref_20260121.json,Pennsylvania4,2025-12-30,Midday,684,468,24,0,stable_top:Combined,stable_top,Combined,BOX,12,12,1,0,0,0,0,0
2025-12-31,sharepacks,tool_only,sharepacks/2025-12-31/Pennsylvania4/candidate_universe__tool_only__baseline_ref_20260121.json,Pennsylvania4,2025-12-30,Midday,684,468,24,0,stable_top:Evening,stable_top,Evening,BOX,12,12,1,0,0,0,0,0
2025-12-31,sharepacks,tool_only,sharepacks/2025-12-31/Pennsylvania4/candidate_universe__tool_only__baseline_ref_20260121.json,Pennsylvania4,2025-12-30,Midday,684,468,24,0,stable_top:Midday,stable_top,Midday,BOX,12,12,1,0,0,0,0,0
2025-12-31,sharepacks,tool_only,sharepacks/2025-12-31/Pennsylvania4/candidate_universe__tool_only__baseline_ref_20260121.json,Pennsylvania4,2025-12-30,Midday,684,468,24,0,vtrac_top_straights,vtrac_enhanced_top,Unknown,STRAIGHT,8,8,1,0,0,0,0,0
2025-12-31,sharepacks,tool_only,sharepacks/2025-12-31/PuertoRico4/candidate_universe__tool_only__baseline_ref_20260121.json,PuertoRico4,2025-12-30,Evening,913,139,24,0,__UNION__,union,Unknown,MIXED,204,204,1,0,0,0,1,1
2025-12-31,sharepacks,tool_only,sharepacks/2025-12-31/PuertoRico4/candidate_universe__tool_only__baseline_ref_20260121.json,PuertoRico4,2025-12-30,Evening,913,139,24,0,aux_positional_shortlist,aux_positional,Unknown,STRAIGHT,10,10,1,0,0,0,0,0
2025-12-31,sharepacks,tool_only,sharepacks/2025-12-31/PuertoRico4/candidate_universe__tool_only__baseline_ref_20260121.json,PuertoRico4,2025-12-30,Evening,913,139,24,0,aux_vtrac_index_overdue:Combined:idx=10,aux_vtrac_index_overdue,Combined,STRAIGHT,24,24,1,0,0,0,0,0
2025-12-31,sharepacks,tool_only,sharepacks/2025-12-31/PuertoRico4/candidate_universe__tool_only__baseline_ref_20260121.json,PuertoRico4,2025-12-30,Evening,913,139,24,0,aux_vtrac_index_overdue:Combined:idx=27,aux_vtrac_index_overdue,Combined,STRAIGHT,24,24,1,0,0,0,0,0
2025-12-31,sharepacks,tool_only,sharepacks/2025-12-31/PuertoRico4/candidate_universe__tool_only__baseline_ref_20260121.json,PuertoRico4,2025-12-30,Evening,913,139,24,0,aux_vtrac_index_overdue:Evening:idx=32,aux_vtrac_index_overdue,Evening,STRAIGHT,6,6,1,0,0,0,0,0
2025-12-31,sharepacks,tool_only,sharepacks/2025-12-31/PuertoRico4/candidate_universe__tool_only__baseline_ref_20260121.json,PuertoRico4,2025-12-30,Evening,913,139,24,0,aux_vtrac_index_overdue:Evening:idx=35,aux_vtrac_index_overdue,Evening,STRAIGHT,6,6,1,0,0,0,0,0
2025-12-31,sharepacks,tool_only,sharepacks/2025-12-31/PuertoRico4/candidate_universe__tool_only__baseline_ref_20260121.json,PuertoRico4,2025-12-30,Evening,913,139,24,0,aux_vtrac_index_overdue:Midday:idx=25,aux_vtrac_index_overdue,Midday,STRAIGHT,24,24,1,0,0,0,0,0
2025-12-31,sharepacks,tool_only,sharepacks/2025-12-31/PuertoRico4/candidate_universe__tool_only__baseline_ref_20260121.json,PuertoRico4,2025-12-30,Evening,913,139,24,0,aux_vtrac_index_overdue:Midday:idx=29,aux_vtrac_index_overdue,Midday,STRAIGHT,24,24,1,0,0,0,0,0
2025-12-31,sharepacks,tool_only,sharepacks/2025-12-31/PuertoRico4/candidate_universe__tool_only__baseline_ref_20260121.json,PuertoRico4,2025-12-30,Evening,913,139,24,0,combo_pack:PackA_vt8:seed=024,PackA_vt8,Unknown,STRAIGHT,8,8,1,0,0,0,0,0
2025-12-31,sharepacks,tool_only,sharepacks/2025-12-31/PuertoRico4/candidate_universe__tool_only__baseline_ref_20260121.json,PuertoRico4,2025-12-30,Evening,913,139,24,0,combo_pack:PackB_mirror3rd:seed=024,PackB_mirror3rd,Unknown,STRAIGHT,12,12,1,0,0,0,0,0
2025-12-31,sharepacks,tool_only,sharepacks/2025-12-31/PuertoRico4/candidate_universe__tool_only__baseline_ref_20260121.json,PuertoRico4,2025-12-30,Evening,913,139,24,0,combo_pack:R-perm-4:envelope,R-perm-4,Unknown,STRAIGHT,16,16,1,0,0,0,0,0
2025-12-31,sharepacks,tool_only,sharepacks/2025-12-31/PuertoRico4/candidate_universe__tool_only__baseline_ref_20260121.json,PuertoRico4,2025-12-30,Evening,913,139,24,0,combo_pack:consensus_double_9:trigger=2:keys=047,consensus_double_9,Unknown,MIXED,9,9,1,0,0,0,0,0
2025-12-31,sharepacks,tool_only,sharepacks/2025-12-31/PuertoRico4/candidate_universe__tool_only__baseline_ref_20260121.json,PuertoRico4,2025-12-30,Evening,913,139,24,0,due_doubles:Combined,due_doubles,Combined,BOX,12,12,1,0,0,0,0,0
2025-12-31,sharepacks,tool_only,sharepacks/2025-12-31/PuertoRico4/candidate_universe__tool_only__baseline_ref_20260121.json,PuertoRico4,2025-12-30,Evening,913,139,24,0,due_doubles:Evening,due_doubles,Evening,BOX,12,12,1,0,0,0,0,0
2025-12-31,sharepacks,tool_only,sharepacks/2025-12-31/PuertoRico4/candidate_universe__tool_only__baseline_ref_20260121.json,PuertoRico4,2025-12-30,Evening,913,139,24,0,due_doubles:Midday,due_doubles,Midday,BOX,12,12,1,0,0,0,0,0
2025-12-31,sharepacks,tool_only,sharepacks/2025-12-31/PuertoRico4/candidate_universe__tool_only__baseline_ref_20260121.json,PuertoRico4,2025-12-30,Evening,913,139,24,0,due_doubles_mirror_double:Combined:seed=022,due_doubles_mirror_double,Combined,BOX,6,6,1,0,0,0,0,0
2025-12-31,sharepacks,tool_only,sharepacks/2025-12-31/PuertoRico4/candidate_universe__tool_only__baseline_ref_20260121.json,PuertoRico4,2025-12-30,Evening,913,139,24,0,due_doubles_mirror_double:Evening:seed=022,due_doubles_mirror_double,Evening,BOX,6,6,1,0,0,0,0,0
2025-12-31,sharepacks,tool_only,sharepacks/2025-12-31/PuertoRico4/candidate_universe__tool_only__baseline_ref_20260121.json,PuertoRico4,2025-12-30,Evening,913,139,24,0,due_doubles_mirror_double:Midday:seed=022,due_doubles_mirror_double,Midday,BOX,6,6,1,0,0,0,0,0
2025-12-31,sharepacks,tool_only,sharepacks/2025-12-31/PuertoRico4/candidate_universe__tool_only__baseline_ref_20260121.json,PuertoRico4,2025-12-30,Evening,913,139,24,0,due_doubles_mirror_single:Combined:seed=022,due_doubles_mirror_single,Combined,BOX,6,6,1,0,0,0,0,0
2025-12-31,sharepacks,tool_only,sharepacks/2025-12-31/PuertoRico4/candidate_universe__tool_only__baseline_ref_20260121.json,PuertoRico4,2025-12-30,Evening,913,139,24,0,due_doubles_mirror_single:Evening:seed=022,due_doubles_mirror_single,Evening,BOX,6,6,1,0,0,0,0,0
2025-12-31,sharepacks,tool_only,sharepacks/2025-12-31/PuertoRico4/candidate_universe__tool_only__baseline_ref_20260121.json,PuertoRico4,2025-12-30,Evening,913,139,24,0,due_doubles_mirror_single:Midday:seed=022,due_doubles_mirror_single,Midday,BOX,6,6,1,0,0,0,0,0
2025-12-31,sharepacks,tool_only,sharepacks/2025-12-31/PuertoRico4/candidate_universe__tool_only__baseline_ref_20260121.json,PuertoRico4,2025-12-30,Evening,913,139,24,0,hot_zones_top_triads,hot_zones_top,Unknown,STRAIGHT,8,8,1,0,0,0,1,1
2025-12-31,sharepacks,tool_only,sharepacks/2025-12-31/PuertoRico4/candidate_universe__tool_only__baseline_ref_20260121.json,PuertoRico4,2025-12-30,Evening,913,139,24,0,mirror_pair_closure:pair=2/7,mirror_pair_closure,Unknown,BOX,18,18,1,0,0,0,0,0
2025-12-31,sharepacks,tool_only,sharepacks/2025-12-31/PuertoRico4/candidate_universe__tool_only__baseline_ref_20260121.json,PuertoRico4,2025-12-30,Evening,913,139,24,0,mirror_pair_closure:pair=4/9,mirror_pair_closure,Unknown,BOX,18,18,1,0,0,0,0,0
2025-12-31,sharepacks,tool_only,sharepacks/2025-12-31/PuertoRico4/candidate_universe__tool_only__baseline_ref_20260121.json,PuertoRico4,2025-12-30,Evening,913,139,24,0,stable_top:Combined,stable_top,Combined,BOX,9,9,1,0,0,0,0,0
2025-12-31,sharepacks,tool_only,sharepacks/2025-12-31/PuertoRico4/candidate_universe__tool_only__baseline_ref_20260121.json,PuertoRico4,2025-12-30,Evening,913,139,24,0,stable_top:Evening,stable_top,Evening,BOX,9,9,1,0,0,0,0,0
2025-12-31,sharepacks,tool_only,sharepacks/2025-12-31/PuertoRico4/candidate_universe__tool_only__baseline_ref_20260121.json,PuertoRico4,2025-12-30,Evening,913,139,24,0,stable_top:Midday,stable_top,Midday,BOX,9,9,1,0,0,0,0,0
2025-12-31,sharepacks,tool_only,sharepacks/2025-12-31/PuertoRico4/candidate_universe__tool_only__baseline_ref_20260121.json,PuertoRico4,2025-12-30,Evening,913,139,24,0,vtrac_top_straights,vtrac_enhanced_top,Unknown,STRAIGHT,8,8,1,0,0,0,0,0
2025-12-31,sharepacks,tool_only,sharepacks/2025-12-31/PuertoRico4/candidate_universe__tool_only__baseline_ref_20260121.json,PuertoRico4,2025-12-30,Midday,451,145,9,0,__UNION__,union,Unknown,MIXED,204,204,1,0,0,0,0,0
2025-12-31,sharepacks,tool_only,sharepacks/2025-12-31/PuertoRico4/candidate_universe__tool_only__baseline_ref_20260121.json,PuertoRico4,2025-12-30,Midday,451,145,9,0,aux_positional_shortlist,aux_positional,Unknown,STRAIGHT,10,10,1,0,0,0,0,0
2025-12-31,sharepacks,tool_only,sharepacks/2025-12-31/PuertoRico4/candidate_universe__tool_only__baseline_ref_20260121.json,PuertoRico4,2025-12-30,Midday,451,145,9,0,aux_vtrac_index_overdue:Combined:idx=10,aux_vtrac_index_overdue,Combined,STRAIGHT,24,24,1,0,0,0,0,0
2025-12-31,sharepacks,tool_only,sharepacks/2025-12-31/PuertoRico4/candidate_universe__tool_only__baseline_ref_20260121.json,PuertoRico4,2025-12-30,Midday,451,145,9,0,aux_vtrac_index_overdue:Combined:idx=27,aux_vtrac_index_overdue,Combined,STRAIGHT,24,24,1,0,0,0,0,0
2025-12-31,sharepacks,tool_only,sharepacks/2025-12-31/PuertoRico4/candidate_universe__tool_only__baseline_ref_20260121.json,PuertoRico4,2025-12-30,Midday,451,145,9,0,aux_vtrac_index_overdue:Evening:idx=32,aux_vtrac_index_overdue,Evening,STRAIGHT,6,6,1,0,0,0,0,0
2025-12-31,sharepacks,tool_only,sharepacks/2025-12-31/PuertoRico4/candidate_universe__tool_only__baseline_ref_20260121.json,PuertoRico4,2025-12-30,Midday,451,145,9,0,aux_vtrac_index_overdue:Evening:idx=35,aux_vtrac_index_overdue,Evening,STRAIGHT,6,6,1,0,0,0,0,0
2025-12-31,sharepacks,tool_only,sharepacks/2025-12-31/PuertoRico4/candidate_universe__tool_only__baseline_ref_20260121.json,PuertoRico4,2025-12-30,Midday,451,145,9,0,aux_vtrac_index_overdue:Midday:idx=25,aux_vtrac_index_overdue,Midday,STRAIGHT,24,24,1,0,0,0,0,0
2025-12-31,sharepacks,tool_only,sharepacks/2025-12-31/PuertoRico4/candidate_universe__tool_only__baseline_ref_20260121.json,PuertoRico4,2025-12-30,Midday,451,145,9,0,aux_vtrac_index_overdue:Midday:idx=29,aux_vtrac_index_overdue,Midday,STRAIGHT,24,24,1,0,0,0,0,0
2025-12-31,sharepacks,tool_only,sharepacks/2025-12-31/PuertoRico4/candidate_universe__tool_only__baseline_ref_20260121.json,PuertoRico4,2025-12-30,Midday,451,145,9,0,combo_pack:PackA_vt8:seed=024,PackA_vt8,Unknown,STRAIGHT,8,8,1,0,0,0,0,0
2025-12-31,sharepacks,tool_only,sharepacks/2025-12-31/PuertoRico4/candidate_universe__tool_only__baseline_ref_20260121.json,PuertoRico4,2025-12-30,Midday,451,145,9,0,combo_pack:PackB_mirror3rd:seed=024,PackB_mirror3rd,Unknown,STRAIGHT,12,12,1,0,0,0,0,0
2025-12-31,sharepacks,tool_only,sharepacks/2025-12-31/PuertoRico4/candidate_universe__tool_only__baseline_ref_20260121.json,PuertoRico4,2025-12-30,Midday,451,145,9,0,combo_pack:R-perm-4:envelope,R-perm-4,Unknown,STRAIGHT,16,16,1,0,0,0,0,0
2025-12-31,sharepacks,tool_only,sharepacks/2025-12-31/PuertoRico4/candidate_universe__tool_only__baseline_ref_20260121.json,PuertoRico4,2025-12-30,Midday,451,145,9,0,combo_pack:consensus_double_9:trigger=2:keys=047,consensus_double_9,Unknown,MIXED,9,9,1,0,0,0,0,0
2025-12-31,sharepacks,tool_only,sharepacks/2025-12-31/PuertoRico4/candidate_universe__tool_only__baseline_ref_20260121.json,PuertoRico4,2025-12-30,Midday,451,145,9,0,due_doubles:Combined,due_doubles,Combined,BOX,12,12,1,0,0,0,0,0
2025-12-31,sharepacks,tool_only,sharepacks/2025-12-31/PuertoRico4/candidate_universe__tool_only__baseline_ref_20260121.json,PuertoRico4,2025-12-30,Midday,451,145,9,0,due_doubles:Evening,due_doubles,Evening,BOX,12,12,1,0,0,0,0,0
2025-12-31,sharepacks,tool_only,sharepacks/2025-12-31/PuertoRico4/candidate_universe__tool_only__baseline_ref_20260121.json,PuertoRico4,2025-12-30,Midday,451,145,9,0,due_doubles:Midday,due_doubles,Midday,BOX,12,12,1,0,0,0,0,0
2025-12-31,sharepacks,tool_only,sharepacks/2025-12-31/PuertoRico4/candidate_universe__tool_only__baseline_ref_20260121.json,PuertoRico4,2025-12-30,Midday,451,145,9,0,due_doubles_mirror_double:Combined:seed=022,due_doubles_mirror_double,Combined,BOX,6,6,1,0,0,0,0,0
2025-12-31,sharepacks,tool_only,sharepacks/2025-12-31/PuertoRico4/candidate_universe__tool_only__baseline_ref_20260121.json,PuertoRico4,2025-12-30,Midday,451,145,9,0,due_doubles_mirror_double:Evening:seed=022,due_doubles_mirror_double,Evening,BOX,6,6,1,0,0,0,0,0
2025-12-31,sharepacks,tool_only,sharepacks/2025-12-31/PuertoRico4/candidate_universe__tool_only__baseline_ref_20260121.json,PuertoRico4,2025-12-30,Midday,451,145,9,0,due_doubles_mirror_double:Midday:seed=022,due_doubles_mirror_double,Midday,BOX,6,6,1,0,0,0,0,0
2025-12-31,sharepacks,tool_only,sharepacks/2025-12-31/PuertoRico4/candidate_universe__tool_only__baseline_ref_20260121.json,PuertoRico4,2025-12-30,Midday,451,145,9,0,due_doubles_mirror_single:Combined:seed=022,due_doubles_mirror_single,Combined,BOX,6,6,1,0,0,0,0,0
2025-12-31,sharepacks,tool_only,sharepacks/2025-12-31/PuertoRico4/candidate_universe__tool_only__baseline_ref_20260121.json,PuertoRico4,2025-12-30,Midday,451,145,9,0,due_doubles_mirror_single:Evening:seed=022,due_doubles_mirror_single,Evening,BOX,6,6,1,0,0,0,0,0
2025-12-31,sharepacks,tool_only,sharepacks/2025-12-31/PuertoRico4/candidate_universe__tool_only__baseline_ref_20260121.json,PuertoRico4,2025-12-30,Midday,451,145,9,0,due_doubles_mirror_single:Midday:seed=022,due_doubles_mirror_single,Midday,BOX,6,6,1,0,0,0,0,0
2025-12-31,sharepacks,tool_only,sharepacks/2025-12-31/PuertoRico4/candidate_universe__tool_only__baseline_ref_20260121.json,PuertoRico4,2025-12-30,Midday,451,145,9,0,hot_zones_top_triads,hot_zones_top,Unknown,STRAIGHT,8,8,1,0,0,0,0,0
2025-12-31,sharepacks,tool_only,sharepacks/2025-12-31/PuertoRico4/candidate_universe__tool_only__baseline_ref_20260121.json,PuertoRico4,2025-12-30,Midday,451,145,9,0,mirror_pair_closure:pair=2/7,mirror_pair_closure,Unknown,BOX,18,18,1,0,0,0,0,0
2025-12-31,sharepacks,tool_only,sharepacks/2025-12-31/PuertoRico4/candidate_universe__tool_only__baseline_ref_20260121.json,PuertoRico4,2025-12-30,Midday,451,145,9,0,mirror_pair_closure:pair=4/9,mirror_pair_closure,Unknown,BOX,18,18,1,0,0,0,0,0
2025-12-31,sharepacks,tool_only,sharepacks/2025-12-31/PuertoRico4/candidate_universe__tool_only__baseline_ref_20260121.json,PuertoRico4,2025-12-30,Midday,451,145,9,0,stable_top:Combined,stable_top,Combined,BOX,9,9,1,0,0,0,0,0
2025-12-31,sharepacks,tool_only,sharepacks/2025-12-31/PuertoRico4/candidate_universe__tool_only__baseline_ref_20260121.json,PuertoRico4,2025-12-30,Midday,451,145,9,0,stable_top:Evening,stable_top,Evening,BOX,9,9,1,0,0,0,0,0
2025-12-31,sharepacks,tool_only,sharepacks/2025-12-31/PuertoRico4/candidate_universe__tool_only__baseline_ref_20260121.json,PuertoRico4,2025-12-30,Midday,451,145,9,0,stable_top:Midday,stable_top,Midday,BOX,9,9,1,0,0,0,0,0
2025-12-31,sharepacks,tool_only,sharepacks/2025-12-31/PuertoRico4/candidate_universe__tool_only__baseline_ref_20260121.json,PuertoRico4,2025-12-30,Midday,451,145,9,0,vtrac_top_straights,vtrac_enhanced_top,Unknown,STRAIGHT,8,8,1,0,0,0,0,0
2025-12-31,sharepacks,tool_only,sharepacks/2025-12-31/SouthCarolina4/candidate_universe__tool_only__baseline_ref_20260121.json,SouthCarolina4,2025-12-30,Evening,044,044,15,0,__UNION__,union,Unknown,MIXED,146,146,1,0,0,0,1,1
2025-12-31,sharepacks,tool_only,sharepacks/2025-12-31/SouthCarolina4/candidate_universe__tool_only__baseline_ref_20260121.json,SouthCarolina4,2025-12-30,Evening,044,044,15,0,aux_positional_shortlist,aux_positional,Unknown,STRAIGHT,10,10,1,0,0,0,0,0
2025-12-31,sharepacks,tool_only,sharepacks/2025-12-31/SouthCarolina4/candidate_universe__tool_only__baseline_ref_20260121.json,SouthCarolina4,2025-12-30,Evening,044,044,15,0,aux_vtrac_index_overdue:Combined:idx=32,aux_vtrac_index_overdue,Combined,STRAIGHT,6,6,1,0,0,0,0,0
2025-12-31,sharepacks,tool_only,sharepacks/2025-12-31/SouthCarolina4/candidate_universe__tool_only__baseline_ref_20260121.json,SouthCarolina4,2025-12-30,Evening,044,044,15,0,aux_vtrac_index_overdue:Combined:idx=35,aux_vtrac_index_overdue,Combined,STRAIGHT,6,6,1,0,0,0,0,0
2025-12-31,sharepacks,tool_only,sharepacks/2025-12-31/SouthCarolina4/candidate_universe__tool_only__baseline_ref_20260121.json,SouthCarolina4,2025-12-30,Evening,044,044,15,0,aux_vtrac_index_overdue:Evening:idx=1,aux_vtrac_index_overdue,Evening,STRAIGHT,6,6,1,0,0,0,0,0
2025-12-31,sharepacks,tool_only,sharepacks/2025-12-31/SouthCarolina4/candidate_universe__tool_only__baseline_ref_20260121.json,SouthCarolina4,2025-12-30,Evening,044,044,15,0,aux_vtrac_index_overdue:Evening:idx=35,aux_vtrac_index_overdue,Evening,STRAIGHT,6,6,1,0,0,0,0,0
2025-12-31,sharepacks,tool_only,sharepacks/2025-12-31/SouthCarolina4/candidate_universe__tool_only__baseline_ref_20260121.json,SouthCarolina4,2025-12-30,Evening,044,044,15,0,aux_vtrac_index_overdue:Midday:idx=26,aux_vtrac_index_overdue,Midday,STRAIGHT,6,6,1,0,0,0,0,0
2025-12-31,sharepacks,tool_only,sharepacks/2025-12-31/SouthCarolina4/candidate_universe__tool_only__baseline_ref_20260121.json,SouthCarolina4,2025-12-30,Evening,044,044,15,0,aux_vtrac_index_overdue:Midday:idx=32,aux_vtrac_index_overdue,Midday,STRAIGHT,6,6,1,0,0,0,0,0
2025-12-31,sharepacks,tool_only,sharepacks/2025-12-31/SouthCarolina4/candidate_universe__tool_only__baseline_ref_20260121.json,SouthCarolina4,2025-12-30,Evening,044,044,15,0,combo_pack:PackA_vt8:seed=015,PackA_vt8,Unknown,STRAIGHT,8,8,1,0,0,0,0,0
2025-12-31,sharepacks,tool_only,sharepacks/2025-12-31/SouthCarolina4/candidate_universe__tool_only__baseline_ref_20260121.json,SouthCarolina4,2025-12-30,Evening,044,044,15,0,combo_pack:PackB_mirror3rd:seed=015,PackB_mirror3rd,Unknown,STRAIGHT,9,9,1,0,0,0,0,0
2025-12-31,sharepacks,tool_only,sharepacks/2025-12-31/SouthCarolina4/candidate_universe__tool_only__baseline_ref_20260121.json,SouthCarolina4,2025-12-30,Evening,044,044,15,0,combo_pack:R-perm-4:envelope,R-perm-4,Unknown,STRAIGHT,16,16,1,0,0,0,0,0
2025-12-31,sharepacks,tool_only,sharepacks/2025-12-31/SouthCarolina4/candidate_universe__tool_only__baseline_ref_20260121.json,SouthCarolina4,2025-12-30,Evening,044,044,15,0,combo_pack:consensus_double_9:trigger=3:keys=185,consensus_double_9,Unknown,MIXED,9,9,1,0,0,0,0,0
2025-12-31,sharepacks,tool_only,sharepacks/2025-12-31/SouthCarolina4/candidate_universe__tool_only__baseline_ref_20260121.json,SouthCarolina4,2025-12-30,Evening,044,044,15,0,due_doubles:Combined,due_doubles,Combined,BOX,12,12,1,0,0,0,0,0
2025-12-31,sharepacks,tool_only,sharepacks/2025-12-31/SouthCarolina4/candidate_universe__tool_only__baseline_ref_20260121.json,SouthCarolina4,2025-12-30,Evening,044,044,15,0,due_doubles:Evening,due_doubles,Evening,BOX,12,12,1,0,0,0,0,0
2025-12-31,sharepacks,tool_only,sharepacks/2025-12-31/SouthCarolina4/candidate_universe__tool_only__baseline_ref_20260121.json,SouthCarolina4,2025-12-30,Evening,044,044,15,0,due_doubles:Midday,due_doubles,Midday,BOX,12,12,1,0,0,0,0,0
2025-12-31,sharepacks,tool_only,sharepacks/2025-12-31/SouthCarolina4/candidate_universe__tool_only__baseline_ref_20260121.json,SouthCarolina4,2025-12-30,Evening,044,044,15,0,due_doubles_mirror_double:Combined:seed=115,due_doubles_mirror_double,Combined,BOX,6,6,1,0,0,0,0,0
2025-12-31,sharepacks,tool_only,sharepacks/2025-12-31/SouthCarolina4/candidate_universe__tool_only__baseline_ref_20260121.json,SouthCarolina4,2025-12-30,Evening,044,044,15,0,due_doubles_mirror_double:Evening:seed=115,due_doubles_mirror_double,Evening,BOX,6,6,1,0,0,0,0,0
2025-12-31,sharepacks,tool_only,sharepacks/2025-12-31/SouthCarolina4/candidate_universe__tool_only__baseline_ref_20260121.json,SouthCarolina4,2025-12-30,Evening,044,044,15,0,due_doubles_mirror_double:Midday:seed=115,due_doubles_mirror_double,Midday,BOX,6,6,1,0,0,0,0,0
2025-12-31,sharepacks,tool_only,sharepacks/2025-12-31/SouthCarolina4/candidate_universe__tool_only__baseline_ref_20260121.json,SouthCarolina4,2025-12-30,Evening,044,044,15,0,due_doubles_mirror_single:Combined:seed=115,due_doubles_mirror_single,Combined,BOX,6,6,1,0,0,0,0,0
2025-12-31,sharepacks,tool_only,sharepacks/2025-12-31/SouthCarolina4/candidate_universe__tool_only__baseline_ref_20260121.json,SouthCarolina4,2025-12-30,Evening,044,044,15,0,due_doubles_mirror_single:Evening:seed=115,due_doubles_mirror_single,Evening,BOX,6,6,1,0,0,0,0,0
2025-12-31,sharepacks,tool_only,sharepacks/2025-12-31/SouthCarolina4/candidate_universe__tool_only__baseline_ref_20260121.json,SouthCarolina4,2025-12-30,Evening,044,044,15,0,due_doubles_mirror_single:Midday:seed=115,due_doubles_mirror_single,Midday,BOX,6,6,1,0,0,0,0,0
2025-12-31,sharepacks,tool_only,sharepacks/2025-12-31/SouthCarolina4/candidate_universe__tool_only__baseline_ref_20260121.json,SouthCarolina4,2025-12-30,Evening,044,044,15,0,hot_zones_top_triads,hot_zones_top,Unknown,STRAIGHT,8,8,1,0,0,0,0,0
2025-12-31,sharepacks,tool_only,sharepacks/2025-12-31/SouthCarolina4/candidate_universe__tool_only__baseline_ref_20260121.json,SouthCarolina4,2025-12-30,Evening,044,044,15,0,mirror_pair_closure:pair=1/6,mirror_pair_closure,Unknown,BOX,18,18,1,0,0,0,0,0
2025-12-31,sharepacks,tool_only,sharepacks/2025-12-31/SouthCarolina4/candidate_universe__tool_only__baseline_ref_20260121.json,SouthCarolina4,2025-12-30,Evening,044,044,15,0,mirror_pair_closure:pair=3/8,mirror_pair_closure,Unknown,BOX,18,18,1,0,0,0,0,0
2025-12-31,sharepacks,tool_only,sharepacks/2025-12-31/SouthCarolina4/candidate_universe__tool_only__baseline_ref_20260121.json,SouthCarolina4,2025-12-30,Evening,044,044,15,0,stable_top:Combined,stable_top,Combined,BOX,12,12,1,0,0,0,1,1
2025-12-31,sharepacks,tool_only,sharepacks/2025-12-31/SouthCarolina4/candidate_universe__tool_only__baseline_ref_20260121.json,SouthCarolina4,2025-12-30,Evening,044,044,15,0,stable_top:Evening,stable_top,Evening,BOX,15,15,1,0,0,0,0,0
2025-12-31,sharepacks,tool_only,sharepacks/2025-12-31/SouthCarolina4/candidate_universe__tool_only__baseline_ref_20260121.json,SouthCarolina4,2025-12-30,Evening,044,044,15,0,stable_top:Midday,stable_top,Midday,BOX,9,9,1,0,0,0,0,0
2025-12-31,sharepacks,tool_only,sharepacks/2025-12-31/SouthCarolina4/candidate_universe__tool_only__baseline_ref_20260121.json,SouthCarolina4,2025-12-30,Evening,044,044,15,0,vtrac_top_straights,vtrac_enhanced_top,Unknown,STRAIGHT,8,8,1,0,0,0,0,0
2025-12-31,sharepacks,tool_only,sharepacks/2025-12-31/SouthCarolina4/candidate_universe__tool_only__baseline_ref_20260121.json,SouthCarolina4,2025-12-30,Midday,653,356,8,0,__UNION__,union,Unknown,MIXED,146,146,1,0,0,0,1,1
2025-12-31,sharepacks,tool_only,sharepacks/2025-12-31/SouthCarolina4/candidate_universe__tool_only__baseline_ref_20260121.json,SouthCarolina4,2025-12-30,Midday,653,356,8,0,aux_positional_shortlist,aux_positional,Unknown,STRAIGHT,10,10,1,0,0,0,1,1
2025-12-31,sharepacks,tool_only,sharepacks/2025-12-31/SouthCarolina4/candidate_universe__tool_only__baseline_ref_20260121.json,SouthCarolina4,2025-12-30,Midday,653,356,8,0,aux_vtrac_index_overdue:Combined:idx=32,aux_vtrac_index_overdue,Combined,STRAIGHT,6,6,1,0,0,0,0,0
2025-12-31,sharepacks,tool_only,sharepacks/2025-12-31/SouthCarolina4/candidate_universe__tool_only__baseline_ref_20260121.json,SouthCarolina4,2025-12-30,Midday,653,356,8,0,aux_vtrac_index_overdue:Combined:idx=35,aux_vtrac_index_overdue,Combined,STRAIGHT,6,6,1,0,0,0,0,0
2025-12-31,sharepacks,tool_only,sharepacks/2025-12-31/SouthCarolina4/candidate_universe__tool_only__baseline_ref_20260121.json,SouthCarolina4,2025-12-30,Midday,653,356,8,0,aux_vtrac_index_overdue:Evening:idx=1,aux_vtrac_index_overdue,Evening,STRAIGHT,6,6,1,0,0,0,0,0
2025-12-31,sharepacks,tool_only,sharepacks/2025-12-31/SouthCarolina4/candidate_universe__tool_only__baseline_ref_20260121.json,SouthCarolina4,2025-12-30,Midday,653,356,8,0,aux_vtrac_index_overdue:Evening:idx=35,aux_vtrac_index_overdue,Evening,STRAIGHT,6,6,1,0,0,0,0,0
2025-12-31,sharepacks,tool_only,sharepacks/2025-12-31/SouthCarolina4/candidate_universe__tool_only__baseline_ref_20260121.json,SouthCarolina4,2025-12-30,Midday,653,356,8,0,aux_vtrac_index_overdue:Midday:idx=26,aux_vtrac_index_overdue,Midday,STRAIGHT,6,6,1,0,0,0,0,0
2025-12-31,sharepacks,tool_only,sharepacks/2025-12-31/SouthCarolina4/candidate_universe__tool_only__baseline_ref_20260121.json,SouthCarolina4,2025-12-30,Midday,653,356,8,0,aux_vtrac_index_overdue:Midday:idx=32,aux_vtrac_index_overdue,Midday,STRAIGHT,6,6,1,0,0,0,0,0
2025-12-31,sharepacks,tool_only,sharepacks/2025-12-31/SouthCarolina4/candidate_universe__tool_only__baseline_ref_20260121.json,SouthCarolina4,2025-12-30,Midday,653,356,8,0,combo_pack:PackA_vt8:seed=015,PackA_vt8,Unknown,STRAIGHT,8,8,1,0,0,0,0,0
2025-12-31,sharepacks,tool_only,sharepacks/2025-12-31/SouthCarolina4/candidate_universe__tool_only__baseline_ref_20260121.json,SouthCarolina4,2025-12-30,Midday,653,356,8,0,combo_pack:PackB_mirror3rd:seed=015,PackB_mirror3rd,Unknown,STRAIGHT,9,9,1,0,0,0,0,0
2025-12-31,sharepacks,tool_only,sharepacks/2025-12-31/SouthCarolina4/candidate_universe__tool_only__baseline_ref_20260121.json,SouthCarolina4,2025-12-30,Midday,653,356,8,0,combo_pack:R-perm-4:envelope,R-perm-4,Unknown,STRAIGHT,16,16,1,0,0,0,1,1
2025-12-31,sharepacks,tool_only,sharepacks/2025-12-31/SouthCarolina4/candidate_universe__tool_only__baseline_ref_20260121.json,SouthCarolina4,2025-12-30,Midday,653,356,8,0,combo_pack:consensus_double_9:trigger=3:keys=185,consensus_double_9,Unknown,MIXED,9,9,1,0,0,0,0,0
2025-12-31,sharepacks,tool_only,sharepacks/2025-12-31/SouthCarolina4/candidate_universe__tool_only__baseline_ref_20260121.json,SouthCarolina4,2025-12-30,Midday,653,356,8,0,due_doubles:Combined,due_doubles,Combined,BOX,12,12,1,0,0,0,0,0
2025-12-31,sharepacks,tool_only,sharepacks/2025-12-31/SouthCarolina4/candidate_universe__tool_only__baseline_ref_20260121.json,SouthCarolina4,2025-12-30,Midday,653,356,8,0,due_doubles:Evening,due_doubles,Evening,BOX,12,12,1,0,0,0,0,0
2025-12-31,sharepacks,tool_only,sharepacks/2025-12-31/SouthCarolina4/candidate_universe__tool_only__baseline_ref_20260121.json,SouthCarolina4,2025-12-30,Midday,653,356,8,0,due_doubles:Midday,due_doubles,Midday,BOX,12,12,1,0,0,0,0,0
2025-12-31,sharepacks,tool_only,sharepacks/2025-12-31/SouthCarolina4/candidate_universe__tool_only__baseline_ref_20260121.json,SouthCarolina4,2025-12-30,Midday,653,356,8,0,due_doubles_mirror_double:Combined:seed=115,due_doubles_mirror_double,Combined,BOX,6,6,1,0,0,0,0,0
2025-12-31,sharepacks,tool_only,sharepacks/2025-12-31/SouthCarolina4/candidate_universe__tool_only__baseline_ref_20260121.json,SouthCarolina4,2025-12-30,Midday,653,356,8,0,due_doubles_mirror_double:Evening:seed=115,due_doubles_mirror_double,Evening,BOX,6,6,1,0,0,0,0,0
2025-12-31,sharepacks,tool_only,sharepacks/2025-12-31/SouthCarolina4/candidate_universe__tool_only__baseline_ref_20260121.json,SouthCarolina4,2025-12-30,Midday,653,356,8,0,due_doubles_mirror_double:Midday:seed=115,due_doubles_mirror_double,Midday,BOX,6,6,1,0,0,0,0,0
2025-12-31,sharepacks,tool_only,sharepacks/2025-12-31/SouthCarolina4/candidate_universe__tool_only__baseline_ref_20260121.json,SouthCarolina4,2025-12-30,Midday,653,356,8,0,due_doubles_mirror_single:Combined:seed=115,due_doubles_mirror_single,Combined,BOX,6,6,1,0,0,0,0,0
2025-12-31,sharepacks,tool_only,sharepacks/2025-12-31/SouthCarolina4/candidate_universe__tool_only__baseline_ref_20260121.json,SouthCarolina4,2025-12-30,Midday,653,356,8,0,due_doubles_mirror_single:Evening:seed=115,due_doubles_mirror_single,Evening,BOX,6,6,1,0,0,0,0,0
2025-12-31,sharepacks,tool_only,sharepacks/2025-12-31/SouthCarolina4/candidate_universe__tool_only__baseline_ref_20260121.json,SouthCarolina4,2025-12-30,Midday,653,356,8,0,due_doubles_mirror_single:Midday:seed=115,due_doubles_mirror_single,Midday,BOX,6,6,1,0,0,0,0,0
2025-12-31,sharepacks,tool_only,sharepacks/2025-12-31/SouthCarolina4/candidate_universe__tool_only__baseline_ref_20260121.json,SouthCarolina4,2025-12-30,Midday,653,356,8,0,hot_zones_top_triads,hot_zones_top,Unknown,STRAIGHT,8,8,1,0,0,0,0,0
2025-12-31,sharepacks,tool_only,sharepacks/2025-12-31/SouthCarolina4/candidate_universe__tool_only__baseline_ref_20260121.json,SouthCarolina4,2025-12-30,Midday,653,356,8,0,mirror_pair_closure:pair=1/6,mirror_pair_closure,Unknown,BOX,18,18,1,0,0,0,0,0
2025-12-31,sharepacks,tool_only,sharepacks/2025-12-31/SouthCarolina4/candidate_universe__tool_only__baseline_ref_20260121.json,SouthCarolina4,2025-12-30,Midday,653,356,8,0,mirror_pair_closure:pair=3/8,mirror_pair_closure,Unknown,BOX,18,18,1,0,0,0,0,0
2025-12-31,sharepacks,tool_only,sharepacks/2025-12-31/SouthCarolina4/candidate_universe__tool_only__baseline_ref_20260121.json,SouthCarolina4,2025-12-30,Midday,653,356,8,0,stable_top:Combined,stable_top,Combined,BOX,12,12,1,0,0,0,0,0
2025-12-31,sharepacks,tool_only,sharepacks/2025-12-31/SouthCarolina4/candidate_universe__tool_only__baseline_ref_20260121.json,SouthCarolina4,2025-12-30,Midday,653,356,8,0,stable_top:Evening,stable_top,Evening,BOX,15,15,1,0,0,0,1,1
2025-12-31,sharepacks,tool_only,sharepacks/2025-12-31/SouthCarolina4/candidate_universe__tool_only__baseline_ref_20260121.json,SouthCarolina4,2025-12-30,Midday,653,356,8,0,stable_top:Midday,stable_top,Midday,BOX,9,9,1,0,0,0,0,0
2025-12-31,sharepacks,tool_only,sharepacks/2025-12-31/SouthCarolina4/candidate_universe__tool_only__baseline_ref_20260121.json,SouthCarolina4,2025-12-30,Midday,653,356,8,0,vtrac_top_straights,vtrac_enhanced_top,Unknown,STRAIGHT,8,8,1,0,0,0,1,1
2025-12-31,sharepacks,tool_only,sharepacks/2025-12-31/Virginia4/candidate_universe__tool_only__baseline_ref_20260121.json,Virginia4,2025-12-30,Evening,636,366,18,0,__UNION__,union,Unknown,MIXED,163,163,1,0,0,0,1,1
2025-12-31,sharepacks,tool_only,sharepacks/2025-12-31/Virginia4/candidate_universe__tool_only__baseline_ref_20260121.json,Virginia4,2025-12-30,Evening,636,366,18,0,aux_positional_shortlist,aux_positional,Unknown,STRAIGHT,10,10,1,0,0,0,1,1
2025-12-31,sharepacks,tool_only,sharepacks/2025-12-31/Virginia4/candidate_universe__tool_only__baseline_ref_20260121.json,Virginia4,2025-12-30,Evening,636,366,18,0,aux_vtrac_index_overdue:Combined:idx=26,aux_vtrac_index_overdue,Combined,STRAIGHT,6,6,1,0,0,0,0,0
2025-12-31,sharepacks,tool_only,sharepacks/2025-12-31/Virginia4/candidate_universe__tool_only__baseline_ref_20260121.json,Virginia4,2025-12-30,Evening,636,366,18,0,aux_vtrac_index_overdue:Combined:idx=35,aux_vtrac_index_overdue,Combined,STRAIGHT,6,6,1,0,0,0,0,0
2025-12-31,sharepacks,tool_only,sharepacks/2025-12-31/Virginia4/candidate_universe__tool_only__baseline_ref_20260121.json,Virginia4,2025-12-30,Evening,636,366,18,0,aux_vtrac_index_overdue:Evening:idx=1,aux_vtrac_index_overdue,Evening,STRAIGHT,6,6,1,0,0,0,0,0
2025-12-31,sharepacks,tool_only,sharepacks/2025-12-31/Virginia4/candidate_universe__tool_only__baseline_ref_20260121.json,Virginia4,2025-12-30,Evening,636,366,18,0,aux_vtrac_index_overdue:Evening:idx=35,aux_vtrac_index_overdue,Evening,STRAIGHT,6,6,1,0,0,0,0,0
2025-12-31,sharepacks,tool_only,sharepacks/2025-12-31/Virginia4/candidate_universe__tool_only__baseline_ref_20260121.json,Virginia4,2025-12-30,Evening,636,366,18,0,aux_vtrac_index_overdue:Midday:idx=34,aux_vtrac_index_overdue,Midday,STRAIGHT,24,24,1,0,0,0,0,0
2025-12-31,sharepacks,tool_only,sharepacks/2025-12-31/Virginia4/candidate_universe__tool_only__baseline_ref_20260121.json,Virginia4,2025-12-30,Evening,636,366,18,0,aux_vtrac_index_overdue:Midday:idx=35,aux_vtrac_index_overdue,Midday,STRAIGHT,6,6,1,0,0,0,0,0
2025-12-31,sharepacks,tool_only,sharepacks/2025-12-31/Virginia4/candidate_universe__tool_only__baseline_ref_20260121.json,Virginia4,2025-12-30,Evening,636,366,18,0,combo_pack:PackA_vt8:seed=047,PackA_vt8,Unknown,STRAIGHT,8,8,1,0,0,0,0,0
2025-12-31,sharepacks,tool_only,sharepacks/2025-12-31/Virginia4/candidate_universe__tool_only__baseline_ref_20260121.json,Virginia4,2025-12-30,Evening,636,366,18,0,combo_pack:PackB_mirror3rd:seed=047,PackB_mirror3rd,Unknown,STRAIGHT,12,12,1,0,0,0,0,0
2025-12-31,sharepacks,tool_only,sharepacks/2025-12-31/Virginia4/candidate_universe__tool_only__baseline_ref_20260121.json,Virginia4,2025-12-30,Evening,636,366,18,0,combo_pack:R-perm-4:envelope,R-perm-4,Unknown,STRAIGHT,16,16,1,0,0,0,0,0
2025-12-31,sharepacks,tool_only,sharepacks/2025-12-31/Virginia4/candidate_universe__tool_only__baseline_ref_20260121.json,Virginia4,2025-12-30,Evening,636,366,18,0,combo_pack:consensus_double_9:trigger=3:keys=409,consensus_double_9,Unknown,MIXED,9,9,1,0,0,0,0,0
2025-12-31,sharepacks,tool_only,sharepacks/2025-12-31/Virginia4/candidate_universe__tool_only__baseline_ref_20260121.json,Virginia4,2025-12-30,Evening,636,366,18,0,due_doubles:Combined,due_doubles,Combined,BOX,12,12,1,0,0,0,0,0
2025-12-31,sharepacks,tool_only,sharepacks/2025-12-31/Virginia4/candidate_universe__tool_only__baseline_ref_20260121.json,Virginia4,2025-12-30,Evening,636,366,18,0,due_doubles:Evening,due_doubles,Evening,BOX,12,12,1,0,0,0,0,0
2025-12-31,sharepacks,tool_only,sharepacks/2025-12-31/Virginia4/candidate_universe__tool_only__baseline_ref_20260121.json,Virginia4,2025-12-30,Evening,636,366,18,0,due_doubles:Midday,due_doubles,Midday,BOX,12,12,1,0,0,0,0,0
2025-12-31,sharepacks,tool_only,sharepacks/2025-12-31/Virginia4/candidate_universe__tool_only__baseline_ref_20260121.json,Virginia4,2025-12-30,Evening,636,366,18,0,due_doubles_mirror_double:Combined:seed=004,due_doubles_mirror_double,Combined,BOX,6,6,1,0,0,0,0,0
2025-12-31,sharepacks,tool_only,sharepacks/2025-12-31/Virginia4/candidate_universe__tool_only__baseline_ref_20260121.json,Virginia4,2025-12-30,Evening,636,366,18,0,due_doubles_mirror_double:Evening:seed=004,due_doubles_mirror_double,Evening,BOX,6,6,1,0,0,0,0,0
2025-12-31,sharepacks,tool_only,sharepacks/2025-12-31/Virginia4/candidate_universe__tool_only__baseline_ref_20260121.json,Virginia4,2025-12-30,Evening,636,366,18,0,due_doubles_mirror_double:Midday:seed=004,due_doubles_mirror_double,Midday,BOX,6,6,1,0,0,0,0,0
2025-12-31,sharepacks,tool_only,sharepacks/2025-12-31/Virginia4/candidate_universe__tool_only__baseline_ref_20260121.json,Virginia4,2025-12-30,Evening,636,366,18,0,due_doubles_mirror_single:Combined:seed=004,due_doubles_mirror_single,Combined,BOX,6,6,1,0,0,0,0,0
2025-12-31,sharepacks,tool_only,sharepacks/2025-12-31/Virginia4/candidate_universe__tool_only__baseline_ref_20260121.json,Virginia4,2025-12-30,Evening,636,366,18,0,due_doubles_mirror_single:Evening:seed=004,due_doubles_mirror_single,Evening,BOX,6,6,1,0,0,0,0,0
2025-12-31,sharepacks,tool_only,sharepacks/2025-12-31/Virginia4/candidate_universe__tool_only__baseline_ref_20260121.json,Virginia4,2025-12-30,Evening,636,366,18,0,due_doubles_mirror_single:Midday:seed=004,due_doubles_mirror_single,Midday,BOX,6,6,1,0,0,0,0,0
2025-12-31,sharepacks,tool_only,sharepacks/2025-12-31/Virginia4/candidate_universe__tool_only__baseline_ref_20260121.json,Virginia4,2025-12-30,Evening,636,366,18,0,hot_zones_top_triads,hot_zones_top,Unknown,STRAIGHT,8,8,1,0,0,0,0,0
2025-12-31,sharepacks,tool_only,sharepacks/2025-12-31/Virginia4/candidate_universe__tool_only__baseline_ref_20260121.json,Virginia4,2025-12-30,Evening,636,366,18,0,mirror_pair_closure:pair=1/6,mirror_pair_closure,Unknown,BOX,18,18,1,0,0,0,1,1
2025-12-31,sharepacks,tool_only,sharepacks/2025-12-31/Virginia4/candidate_universe__tool_only__baseline_ref_20260121.json,Virginia4,2025-12-30,Evening,636,366,18,0,mirror_pair_closure:pair=3/8,mirror_pair_closure,Unknown,BOX,18,18,1,0,0,0,0,0
2025-12-31,sharepacks,tool_only,sharepacks/2025-12-31/Virginia4/candidate_universe__tool_only__baseline_ref_20260121.json,Virginia4,2025-12-30,Evening,636,366,18,0,stable_top:Combined,stable_top,Combined,BOX,9,9,1,0,0,0,0,0
2025-12-31,sharepacks,tool_only,sharepacks/2025-12-31/Virginia4/candidate_universe__tool_only__baseline_ref_20260121.json,Virginia4,2025-12-30,Evening,636,366,18,0,stable_top:Evening,stable_top,Evening,BOX,9,9,1,0,0,0,0,0
2025-12-31,sharepacks,tool_only,sharepacks/2025-12-31/Virginia4/candidate_universe__tool_only__baseline_ref_20260121.json,Virginia4,2025-12-30,Evening,636,366,18,0,stable_top:Midday,stable_top,Midday,BOX,9,9,1,0,0,0,1,1
2025-12-31,sharepacks,tool_only,sharepacks/2025-12-31/Virginia4/candidate_universe__tool_only__baseline_ref_20260121.json,Virginia4,2025-12-30,Evening,636,366,18,0,vtrac_top_straights,vtrac_enhanced_top,Unknown,STRAIGHT,8,8,1,0,0,0,0,0
2025-12-31,sharepacks,tool_only,sharepacks/2025-12-31/Virginia4/candidate_universe__tool_only__baseline_ref_20260121.json,Virginia4,2025-12-30,Midday,686,668,18,0,__UNION__,union,Unknown,MIXED,163,163,1,0,0,0,1,1
2025-12-31,sharepacks,tool_only,sharepacks/2025-12-31/Virginia4/candidate_universe__tool_only__baseline_ref_20260121.json,Virginia4,2025-12-30,Midday,686,668,18,0,aux_positional_shortlist,aux_positional,Unknown,STRAIGHT,10,10,1,0,0,0,1,1
2025-12-31,sharepacks,tool_only,sharepacks/2025-12-31/Virginia4/candidate_universe__tool_only__baseline_ref_20260121.json,Virginia4,2025-12-30,Midday,686,668,18,0,aux_vtrac_index_overdue:Combined:idx=26,aux_vtrac_index_overdue,Combined,STRAIGHT,6,6,1,0,0,0,0,0
2025-12-31,sharepacks,tool_only,sharepacks/2025-12-31/Virginia4/candidate_universe__tool_only__baseline_ref_20260121.json,Virginia4,2025-12-30,Midday,686,668,18,0,aux_vtrac_index_overdue:Combined:idx=35,aux_vtrac_index_overdue,Combined,STRAIGHT,6,6,1,0,0,0,0,0
2025-12-31,sharepacks,tool_only,sharepacks/2025-12-31/Virginia4/candidate_universe__tool_only__baseline_ref_20260121.json,Virginia4,2025-12-30,Midday,686,668,18,0,aux_vtrac_index_overdue:Evening:idx=1,aux_vtrac_index_overdue,Evening,STRAIGHT,6,6,1,0,0,0,0,0
2025-12-31,sharepacks,tool_only,sharepacks/2025-12-31/Virginia4/candidate_universe__tool_only__baseline_ref_20260121.json,Virginia4,2025-12-30,Midday,686,668,18,0,aux_vtrac_index_overdue:Evening:idx=35,aux_vtrac_index_overdue,Evening,STRAIGHT,6,6,1,0,0,0,0,0
2025-12-31,sharepacks,tool_only,sharepacks/2025-12-31/Virginia4/candidate_universe__tool_only__baseline_ref_20260121.json,Virginia4,2025-12-30,Midday,686,668,18,0,aux_vtrac_index_overdue:Midday:idx=34,aux_vtrac_index_overdue,Midday,STRAIGHT,24,24,1,0,0,0,0,0
2025-12-31,sharepacks,tool_only,sharepacks/2025-12-31/Virginia4/candidate_universe__tool_only__baseline_ref_20260121.json,Virginia4,2025-12-30,Midday,686,668,18,0,aux_vtrac_index_overdue:Midday:idx=35,aux_vtrac_index_overdue,Midday,STRAIGHT,6,6,1,0,0,0,0,0
2025-12-31,sharepacks,tool_only,sharepacks/2025-12-31/Virginia4/candidate_universe__tool_only__baseline_ref_20260121.json,Virginia4,2025-12-30,Midday,686,668,18,0,combo_pack:PackA_vt8:seed=047,PackA_vt8,Unknown,STRAIGHT,8,8,1,0,0,0,0,0
2025-12-31,sharepacks,tool_only,sharepacks/2025-12-31/Virginia4/candidate_universe__tool_only__baseline_ref_20260121.json,Virginia4,2025-12-30,Midday,686,668,18,0,combo_pack:PackB_mirror3rd:seed=047,PackB_mirror3rd,Unknown,STRAIGHT,12,12,1,0,0,0,0,0
2025-12-31,sharepacks,tool_only,sharepacks/2025-12-31/Virginia4/candidate_universe__tool_only__baseline_ref_20260121.json,Virginia4,2025-12-30,Midday,686,668,18,0,combo_pack:R-perm-4:envelope,R-perm-4,Unknown,STRAIGHT,16,16,1,0,0,0,0,0
2025-12-31,sharepacks,tool_only,sharepacks/2025-12-31/Virginia4/candidate_universe__tool_only__baseline_ref_20260121.json,Virginia4,2025-12-30,Midday,686,668,18,0,combo_pack:consensus_double_9:trigger=3:keys=409,consensus_double_9,Unknown,MIXED,9,9,1,0,0,0,0,0
2025-12-31,sharepacks,tool_only,sharepacks/2025-12-31/Virginia4/candidate_universe__tool_only__baseline_ref_20260121.json,Virginia4,2025-12-30,Midday,686,668,18,0,due_doubles:Combined,due_doubles,Combined,BOX,12,12,1,0,0,0,0,0
2025-12-31,sharepacks,tool_only,sharepacks/2025-12-31/Virginia4/candidate_universe__tool_only__baseline_ref_20260121.json,Virginia4,2025-12-30,Midday,686,668,18,0,due_doubles:Evening,due_doubles,Evening,BOX,12,12,1,0,0,0,0,0
2025-12-31,sharepacks,tool_only,sharepacks/2025-12-31/Virginia4/candidate_universe__tool_only__baseline_ref_20260121.json,Virginia4,2025-12-30,Midday,686,668,18,0,due_doubles:Midday,due_doubles,Midday,BOX,12,12,1,0,0,0,0,0
2025-12-31,sharepacks,tool_only,sharepacks/2025-12-31/Virginia4/candidate_universe__tool_only__baseline_ref_20260121.json,Virginia4,2025-12-30,Midday,686,668,18,0,due_doubles_mirror_double:Combined:seed=004,due_doubles_mirror_double,Combined,BOX,6,6,1,0,0,0,0,0
2025-12-31,sharepacks,tool_only,sharepacks/2025-12-31/Virginia4/candidate_universe__tool_only__baseline_ref_20260121.json,Virginia4,2025-12-30,Midday,686,668,18,0,due_doubles_mirror_double:Evening:seed=004,due_doubles_mirror_double,Evening,BOX,6,6,1,0,0,0,0,0
2025-12-31,sharepacks,tool_only,sharepacks/2025-12-31/Virginia4/candidate_universe__tool_only__baseline_ref_20260121.json,Virginia4,2025-12-30,Midday,686,668,18,0,due_doubles_mirror_double:Midday:seed=004,due_doubles_mirror_double,Midday,BOX,6,6,1,0,0,0,0,0
2025-12-31,sharepacks,tool_only,sharepacks/2025-12-31/Virginia4/candidate_universe__tool_only__baseline_ref_20260121.json,Virginia4,2025-12-30,Midday,686,668,18,0,due_doubles_mirror_single:Combined:seed=004,due_doubles_mirror_single,Combined,BOX,6,6,1,0,0,0,0,0
2025-12-31,sharepacks,tool_only,sharepacks/2025-12-31/Virginia4/candidate_universe__tool_only__baseline_ref_20260121.json,Virginia4,2025-12-30,Midday,686,668,18,0,due_doubles_mirror_single:Evening:seed=004,due_doubles_mirror_single,Evening,BOX,6,6,1,0,0,0,0,0
2025-12-31,sharepacks,tool_only,sharepacks/2025-12-31/Virginia4/candidate_universe__tool_only__baseline_ref_20260121.json,Virginia4,2025-12-30,Midday,686,668,18,0,due_doubles_mirror_single:Midday:seed=004,due_doubles_mirror_single,Midday,BOX,6,6,1,0,0,0,0,0
2025-12-31,sharepacks,tool_only,sharepacks/2025-12-31/Virginia4/candidate_universe__tool_only__baseline_ref_20260121.json,Virginia4,2025-12-30,Midday,686,668,18,0,hot_zones_top_triads,hot_zones_top,Unknown,STRAIGHT,8,8,1,0,0,0,0,0
2025-12-31,sharepacks,tool_only,sharepacks/2025-12-31/Virginia4/candidate_universe__tool_only__baseline_ref_20260121.json,Virginia4,2025-12-30,Midday,686,668,18,0,mirror_pair_closure:pair=1/6,mirror_pair_closure,Unknown,BOX,18,18,1,0,0,0,1,1
2025-12-31,sharepacks,tool_only,sharepacks/2025-12-31/Virginia4/candidate_universe__tool_only__baseline_ref_20260121.json,Virginia4,2025-12-30,Midday,686,668,18,0,mirror_pair_closure:pair=3/8,mirror_pair_closure,Unknown,BOX,18,18,1,0,0,0,0,0
2025-12-31,sharepacks,tool_only,sharepacks/2025-12-31/Virginia4/candidate_universe__tool_only__baseline_ref_20260121.json,Virginia4,2025-12-30,Midday,686,668,18,0,stable_top:Combined,stable_top,Combined,BOX,9,9,1,0,0,0,0,0
2025-12-31,sharepacks,tool_only,sharepacks/2025-12-31/Virginia4/candidate_universe__tool_only__baseline_ref_20260121.json,Virginia4,2025-12-30,Midday,686,668,18,0,stable_top:Evening,stable_top,Evening,BOX,9,9,1,0,0,0,0,0
2025-12-31,sharepacks,tool_only,sharepacks/2025-12-31/Virginia4/candidate_universe__tool_only__baseline_ref_20260121.json,Virginia4,2025-12-30,Midday,686,668,18,0,stable_top:Midday,stable_top,Midday,BOX,9,9,1,0,0,0,1,1
2025-12-31,sharepacks,tool_only,sharepacks/2025-12-31/Virginia4/candidate_universe__tool_only__baseline_ref_20260121.json,Virginia4,2025-12-30,Midday,686,668,18,0,vtrac_top_straights,vtrac_enhanced_top,Unknown,STRAIGHT,8,8,1,0,0,0,0,0
