results_date,sharepacks_root,profile,candidate_universe_path,state_key,history_date,winner_label,winner,winner_canonical,winner_vtrac_index,winner_missing,pack_id,method_id,pack_variant,play_mode,combos_count,cost_units,contains_winners_artifacts,hit_any,straight_hit,box_hit,vtrac_index_hit,vtrac_index_hit_only
2026-01-01,sharepacks,tool_only,sharepacks/2026-01-01/Connecticut4/candidate_universe__tool_only__dr004_v2_k3.json,Connecticut4,2025-12-31,Evening,109,019,9,0,__UNION__,union,Unknown,MIXED,202,202,1,0,0,0,0,0
2026-01-01,sharepacks,tool_only,sharepacks/2026-01-01/Connecticut4/candidate_universe__tool_only__dr004_v2_k3.json,Connecticut4,2025-12-31,Evening,109,019,9,0,aux_positional_shortlist,aux_positional,Unknown,STRAIGHT,10,10,1,0,0,0,0,0
2026-01-01,sharepacks,tool_only,sharepacks/2026-01-01/Connecticut4/candidate_universe__tool_only__dr004_v2_k3.json,Connecticut4,2025-12-31,Evening,109,019,9,0,aux_vtrac_index_overdue:Combined:idx=16,aux_vtrac_index_overdue,Combined,STRAIGHT,6,6,1,0,0,0,0,0
2026-01-01,sharepacks,tool_only,sharepacks/2026-01-01/Connecticut4/candidate_universe__tool_only__dr004_v2_k3.json,Connecticut4,2025-12-31,Evening,109,019,9,0,aux_vtrac_index_overdue:Combined:idx=32,aux_vtrac_index_overdue,Combined,STRAIGHT,6,6,1,0,0,0,0,0
2026-01-01,sharepacks,tool_only,sharepacks/2026-01-01/Connecticut4/candidate_universe__tool_only__dr004_v2_k3.json,Connecticut4,2025-12-31,Evening,109,019,9,0,aux_vtrac_index_overdue:Evening:idx=16,aux_vtrac_index_overdue,Evening,STRAIGHT,6,6,1,0,0,0,0,0
2026-01-01,sharepacks,tool_only,sharepacks/2026-01-01/Connecticut4/candidate_universe__tool_only__dr004_v2_k3.json,Connecticut4,2025-12-31,Evening,109,019,9,0,aux_vtrac_index_overdue:Evening:idx=26,aux_vtrac_index_overdue,Evening,STRAIGHT,6,6,1,0,0,0,0,0
2026-01-01,sharepacks,tool_only,sharepacks/2026-01-01/Connecticut4/candidate_universe__tool_only__dr004_v2_k3.json,Connecticut4,2025-12-31,Evening,109,019,9,0,aux_vtrac_index_overdue:Midday:idx=16,aux_vtrac_index_overdue,Midday,STRAIGHT,6,6,1,0,0,0,0,0
2026-01-01,sharepacks,tool_only,sharepacks/2026-01-01/Connecticut4/candidate_universe__tool_only__dr004_v2_k3.json,Connecticut4,2025-12-31,Evening,109,019,9,0,aux_vtrac_index_overdue:Midday:idx=25,aux_vtrac_index_overdue,Midday,STRAIGHT,24,24,1,0,0,0,0,0
2026-01-01,sharepacks,tool_only,sharepacks/2026-01-01/Connecticut4/candidate_universe__tool_only__dr004_v2_k3.json,Connecticut4,2025-12-31,Evening,109,019,9,0,combo_pack:PackA_vt8:seed=026,PackA_vt8,Unknown,STRAIGHT,8,8,1,0,0,0,0,0
2026-01-01,sharepacks,tool_only,sharepacks/2026-01-01/Connecticut4/candidate_universe__tool_only__dr004_v2_k3.json,Connecticut4,2025-12-31,Evening,109,019,9,0,combo_pack:PackB_mirror3rd:seed=026,PackB_mirror3rd,Unknown,STRAIGHT,12,12,1,0,0,0,0,0
2026-01-01,sharepacks,tool_only,sharepacks/2026-01-01/Connecticut4/candidate_universe__tool_only__dr004_v2_k3.json,Connecticut4,2025-12-31,Evening,109,019,9,0,combo_pack:R-perm-4:envelope,R-perm-4,Unknown,STRAIGHT,16,16,1,0,0,0,0,0
2026-01-01,sharepacks,tool_only,sharepacks/2026-01-01/Connecticut4/candidate_universe__tool_only__dr004_v2_k3.json,Connecticut4,2025-12-31,Evening,109,019,9,0,combo_pack:consensus_double_9:trigger=0:keys=826,consensus_double_9,Unknown,MIXED,9,9,1,0,0,0,0,0
2026-01-01,sharepacks,tool_only,sharepacks/2026-01-01/Connecticut4/candidate_universe__tool_only__dr004_v2_k3.json,Connecticut4,2025-12-31,Evening,109,019,9,0,digit_reduction_dr004:Combined:top3,digit_reduction_dr004,Combined,BOX,8,8,1,0,0,0,0,0
2026-01-01,sharepacks,tool_only,sharepacks/2026-01-01/Connecticut4/candidate_universe__tool_only__dr004_v2_k3.json,Connecticut4,2025-12-31,Evening,109,019,9,0,digit_reduction_dr004:Evening:top3,digit_reduction_dr004,Evening,BOX,13,13,1,0,0,0,0,0
2026-01-01,sharepacks,tool_only,sharepacks/2026-01-01/Connecticut4/candidate_universe__tool_only__dr004_v2_k3.json,Connecticut4,2025-12-31,Evening,109,019,9,0,digit_reduction_dr004:Midday:top3,digit_reduction_dr004,Midday,BOX,8,8,1,0,0,0,0,0
2026-01-01,sharepacks,tool_only,sharepacks/2026-01-01/Connecticut4/candidate_universe__tool_only__dr004_v2_k3.json,Connecticut4,2025-12-31,Evening,109,019,9,0,due_doubles:Combined,due_doubles,Combined,BOX,12,12,1,0,0,0,0,0
2026-01-01,sharepacks,tool_only,sharepacks/2026-01-01/Connecticut4/candidate_universe__tool_only__dr004_v2_k3.json,Connecticut4,2025-12-31,Evening,109,019,9,0,due_doubles:Evening,due_doubles,Evening,BOX,12,12,1,0,0,0,0,0
2026-01-01,sharepacks,tool_only,sharepacks/2026-01-01/Connecticut4/candidate_universe__tool_only__dr004_v2_k3.json,Connecticut4,2025-12-31,Evening,109,019,9,0,due_doubles:Midday,due_doubles,Midday,BOX,12,12,1,0,0,0,0,0
2026-01-01,sharepacks,tool_only,sharepacks/2026-01-01/Connecticut4/candidate_universe__tool_only__dr004_v2_k3.json,Connecticut4,2025-12-31,Evening,109,019,9,0,due_doubles_mirror_double:Combined:seed=088,due_doubles_mirror_double,Combined,BOX,6,6,1,0,0,0,0,0
2026-01-01,sharepacks,tool_only,sharepacks/2026-01-01/Connecticut4/candidate_universe__tool_only__dr004_v2_k3.json,Connecticut4,2025-12-31,Evening,109,019,9,0,due_doubles_mirror_double:Evening:seed=088,due_doubles_mirror_double,Evening,BOX,6,6,1,0,0,0,0,0
2026-01-01,sharepacks,tool_only,sharepacks/2026-01-01/Connecticut4/candidate_universe__tool_only__dr004_v2_k3.json,Connecticut4,2025-12-31,Evening,109,019,9,0,due_doubles_mirror_double:Midday:seed=088,due_doubles_mirror_double,Midday,BOX,6,6,1,0,0,0,0,0
2026-01-01,sharepacks,tool_only,sharepacks/2026-01-01/Connecticut4/candidate_universe__tool_only__dr004_v2_k3.json,Connecticut4,2025-12-31,Evening,109,019,9,0,due_doubles_mirror_single:Combined:seed=088,due_doubles_mirror_single,Combined,BOX,6,6,1,0,0,0,0,0
2026-01-01,sharepacks,tool_only,sharepacks/2026-01-01/Connecticut4/candidate_universe__tool_only__dr004_v2_k3.json,Connecticut4,2025-12-31,Evening,109,019,9,0,due_doubles_mirror_single:Evening:seed=088,due_doubles_mirror_single,Evening,BOX,6,6,1,0,0,0,0,0
2026-01-01,sharepacks,tool_only,sharepacks/2026-01-01/Connecticut4/candidate_universe__tool_only__dr004_v2_k3.json,Connecticut4,2025-12-31,Evening,109,019,9,0,due_doubles_mirror_single:Midday:seed=088,due_doubles_mirror_single,Midday,BOX,6,6,1,0,0,0,0,0
2026-01-01,sharepacks,tool_only,sharepacks/2026-01-01/Connecticut4/candidate_universe__tool_only__dr004_v2_k3.json,Connecticut4,2025-12-31,Evening,109,019,9,0,hot_zones_top_triads,hot_zones_top,Unknown,STRAIGHT,8,8,1,0,0,0,0,0
2026-01-01,sharepacks,tool_only,sharepacks/2026-01-01/Connecticut4/candidate_universe__tool_only__dr004_v2_k3.json,Connecticut4,2025-12-31,Evening,109,019,9,0,mirror_pair_closure:pair=0/5,mirror_pair_closure,Unknown,BOX,18,18,1,0,0,0,0,0
2026-01-01,sharepacks,tool_only,sharepacks/2026-01-01/Connecticut4/candidate_universe__tool_only__dr004_v2_k3.json,Connecticut4,2025-12-31,Evening,109,019,9,0,mirror_pair_closure:pair=2/7,mirror_pair_closure,Unknown,BOX,18,18,1,0,0,0,0,0
2026-01-01,sharepacks,tool_only,sharepacks/2026-01-01/Connecticut4/candidate_universe__tool_only__dr004_v2_k3.json,Connecticut4,2025-12-31,Evening,109,019,9,0,stable_top:Combined,stable_top,Combined,BOX,9,9,1,0,0,0,0,0
2026-01-01,sharepacks,tool_only,sharepacks/2026-01-01/Connecticut4/candidate_universe__tool_only__dr004_v2_k3.json,Connecticut4,2025-12-31,Evening,109,019,9,0,stable_top:Evening,stable_top,Evening,BOX,9,9,1,0,0,0,0,0
2026-01-01,sharepacks,tool_only,sharepacks/2026-01-01/Connecticut4/candidate_universe__tool_only__dr004_v2_k3.json,Connecticut4,2025-12-31,Evening,109,019,9,0,stable_top:Midday,stable_top,Midday,BOX,15,15,1,0,0,0,0,0
2026-01-01,sharepacks,tool_only,sharepacks/2026-01-01/Connecticut4/candidate_universe__tool_only__dr004_v2_k3.json,Connecticut4,2025-12-31,Evening,109,019,9,0,vtrac_top_straights,vtrac_enhanced_top,Unknown,STRAIGHT,8,8,1,0,0,0,0,0
2026-01-01,sharepacks,tool_only,sharepacks/2026-01-01/Connecticut4/candidate_universe__tool_only__dr004_v2_k3.json,Connecticut4,2025-12-31,Midday,228,228,27,0,__UNION__,union,Unknown,MIXED,202,202,1,1,1,1,1,0
2026-01-01,sharepacks,tool_only,sharepacks/2026-01-01/Connecticut4/candidate_universe__tool_only__dr004_v2_k3.json,Connecticut4,2025-12-31,Midday,228,228,27,0,aux_positional_shortlist,aux_positional,Unknown,STRAIGHT,10,10,1,0,0,0,1,1
2026-01-01,sharepacks,tool_only,sharepacks/2026-01-01/Connecticut4/candidate_universe__tool_only__dr004_v2_k3.json,Connecticut4,2025-12-31,Midday,228,228,27,0,aux_vtrac_index_overdue:Combined:idx=16,aux_vtrac_index_overdue,Combined,STRAIGHT,6,6,1,0,0,0,0,0
2026-01-01,sharepacks,tool_only,sharepacks/2026-01-01/Connecticut4/candidate_universe__tool_only__dr004_v2_k3.json,Connecticut4,2025-12-31,Midday,228,228,27,0,aux_vtrac_index_overdue:Combined:idx=32,aux_vtrac_index_overdue,Combined,STRAIGHT,6,6,1,0,0,0,0,0
2026-01-01,sharepacks,tool_only,sharepacks/2026-01-01/Connecticut4/candidate_universe__tool_only__dr004_v2_k3.json,Connecticut4,2025-12-31,Midday,228,228,27,0,aux_vtrac_index_overdue:Evening:idx=16,aux_vtrac_index_overdue,Evening,STRAIGHT,6,6,1,0,0,0,0,0
2026-01-01,sharepacks,tool_only,sharepacks/2026-01-01/Connecticut4/candidate_universe__tool_only__dr004_v2_k3.json,Connecticut4,2025-12-31,Midday,228,228,27,0,aux_vtrac_index_overdue:Evening:idx=26,aux_vtrac_index_overdue,Evening,STRAIGHT,6,6,1,0,0,0,0,0
2026-01-01,sharepacks,tool_only,sharepacks/2026-01-01/Connecticut4/candidate_universe__tool_only__dr004_v2_k3.json,Connecticut4,2025-12-31,Midday,228,228,27,0,aux_vtrac_index_overdue:Midday:idx=16,aux_vtrac_index_overdue,Midday,STRAIGHT,6,6,1,0,0,0,0,0
2026-01-01,sharepacks,tool_only,sharepacks/2026-01-01/Connecticut4/candidate_universe__tool_only__dr004_v2_k3.json,Connecticut4,2025-12-31,Midday,228,228,27,0,aux_vtrac_index_overdue:Midday:idx=25,aux_vtrac_index_overdue,Midday,STRAIGHT,24,24,1,0,0,0,0,0
2026-01-01,sharepacks,tool_only,sharepacks/2026-01-01/Connecticut4/candidate_universe__tool_only__dr004_v2_k3.json,Connecticut4,2025-12-31,Midday,228,228,27,0,combo_pack:PackA_vt8:seed=026,PackA_vt8,Unknown,STRAIGHT,8,8,1,0,0,0,0,0
2026-01-01,sharepacks,tool_only,sharepacks/2026-01-01/Connecticut4/candidate_universe__tool_only__dr004_v2_k3.json,Connecticut4,2025-12-31,Midday,228,228,27,0,combo_pack:PackB_mirror3rd:seed=026,PackB_mirror3rd,Unknown,STRAIGHT,12,12,1,0,0,0,0,0
2026-01-01,sharepacks,tool_only,sharepacks/2026-01-01/Connecticut4/candidate_universe__tool_only__dr004_v2_k3.json,Connecticut4,2025-12-31,Midday,228,228,27,0,combo_pack:R-perm-4:envelope,R-perm-4,Unknown,STRAIGHT,16,16,1,0,0,0,0,0
2026-01-01,sharepacks,tool_only,sharepacks/2026-01-01/Connecticut4/candidate_universe__tool_only__dr004_v2_k3.json,Connecticut4,2025-12-31,Midday,228,228,27,0,combo_pack:consensus_double_9:trigger=0:keys=826,consensus_double_9,Unknown,MIXED,9,9,1,0,0,0,0,0
2026-01-01,sharepacks,tool_only,sharepacks/2026-01-01/Connecticut4/candidate_universe__tool_only__dr004_v2_k3.json,Connecticut4,2025-12-31,Midday,228,228,27,0,digit_reduction_dr004:Combined:top3,digit_reduction_dr004,Combined,BOX,8,8,1,0,0,0,0,0
2026-01-01,sharepacks,tool_only,sharepacks/2026-01-01/Connecticut4/candidate_universe__tool_only__dr004_v2_k3.json,Connecticut4,2025-12-31,Midday,228,228,27,0,digit_reduction_dr004:Evening:top3,digit_reduction_dr004,Evening,BOX,13,13,1,0,0,0,0,0
2026-01-01,sharepacks,tool_only,sharepacks/2026-01-01/Connecticut4/candidate_universe__tool_only__dr004_v2_k3.json,Connecticut4,2025-12-31,Midday,228,228,27,0,digit_reduction_dr004:Midday:top3,digit_reduction_dr004,Midday,BOX,8,8,1,0,0,0,0,0
2026-01-01,sharepacks,tool_only,sharepacks/2026-01-01/Connecticut4/candidate_universe__tool_only__dr004_v2_k3.json,Connecticut4,2025-12-31,Midday,228,228,27,0,due_doubles:Combined,due_doubles,Combined,BOX,12,12,1,1,1,1,1,0
2026-01-01,sharepacks,tool_only,sharepacks/2026-01-01/Connecticut4/candidate_universe__tool_only__dr004_v2_k3.json,Connecticut4,2025-12-31,Midday,228,228,27,0,due_doubles:Evening,due_doubles,Evening,BOX,12,12,1,1,1,1,1,0
2026-01-01,sharepacks,tool_only,sharepacks/2026-01-01/Connecticut4/candidate_universe__tool_only__dr004_v2_k3.json,Connecticut4,2025-12-31,Midday,228,228,27,0,due_doubles:Midday,due_doubles,Midday,BOX,12,12,1,1,1,1,1,0
2026-01-01,sharepacks,tool_only,sharepacks/2026-01-01/Connecticut4/candidate_universe__tool_only__dr004_v2_k3.json,Connecticut4,2025-12-31,Midday,228,228,27,0,due_doubles_mirror_double:Combined:seed=088,due_doubles_mirror_double,Combined,BOX,6,6,1,0,0,0,0,0
2026-01-01,sharepacks,tool_only,sharepacks/2026-01-01/Connecticut4/candidate_universe__tool_only__dr004_v2_k3.json,Connecticut4,2025-12-31,Midday,228,228,27,0,due_doubles_mirror_double:Evening:seed=088,due_doubles_mirror_double,Evening,BOX,6,6,1,0,0,0,0,0
2026-01-01,sharepacks,tool_only,sharepacks/2026-01-01/Connecticut4/candidate_universe__tool_only__dr004_v2_k3.json,Connecticut4,2025-12-31,Midday,228,228,27,0,due_doubles_mirror_double:Midday:seed=088,due_doubles_mirror_double,Midday,BOX,6,6,1,0,0,0,0,0
2026-01-01,sharepacks,tool_only,sharepacks/2026-01-01/Connecticut4/candidate_universe__tool_only__dr004_v2_k3.json,Connecticut4,2025-12-31,Midday,228,228,27,0,due_doubles_mirror_single:Combined:seed=088,due_doubles_mirror_single,Combined,BOX,6,6,1,0,0,0,0,0
2026-01-01,sharepacks,tool_only,sharepacks/2026-01-01/Connecticut4/candidate_universe__tool_only__dr004_v2_k3.json,Connecticut4,2025-12-31,Midday,228,228,27,0,due_doubles_mirror_single:Evening:seed=088,due_doubles_mirror_single,Evening,BOX,6,6,1,0,0,0,0,0
2026-01-01,sharepacks,tool_only,sharepacks/2026-01-01/Connecticut4/candidate_universe__tool_only__dr004_v2_k3.json,Connecticut4,2025-12-31,Midday,228,228,27,0,due_doubles_mirror_single:Midday:seed=088,due_doubles_mirror_single,Midday,BOX,6,6,1,0,0,0,0,0
2026-01-01,sharepacks,tool_only,sharepacks/2026-01-01/Connecticut4/candidate_universe__tool_only__dr004_v2_k3.json,Connecticut4,2025-12-31,Midday,228,228,27,0,hot_zones_top_triads,hot_zones_top,Unknown,STRAIGHT,8,8,1,0,0,0,0,0
2026-01-01,sharepacks,tool_only,sharepacks/2026-01-01/Connecticut4/candidate_universe__tool_only__dr004_v2_k3.json,Connecticut4,2025-12-31,Midday,228,228,27,0,mirror_pair_closure:pair=0/5,mirror_pair_closure,Unknown,BOX,18,18,1,0,0,0,0,0
2026-01-01,sharepacks,tool_only,sharepacks/2026-01-01/Connecticut4/candidate_universe__tool_only__dr004_v2_k3.json,Connecticut4,2025-12-31,Midday,228,228,27,0,mirror_pair_closure:pair=2/7,mirror_pair_closure,Unknown,BOX,18,18,1,0,0,0,1,1
2026-01-01,sharepacks,tool_only,sharepacks/2026-01-01/Connecticut4/candidate_universe__tool_only__dr004_v2_k3.json,Connecticut4,2025-12-31,Midday,228,228,27,0,stable_top:Combined,stable_top,Combined,BOX,9,9,1,0,0,0,0,0
2026-01-01,sharepacks,tool_only,sharepacks/2026-01-01/Connecticut4/candidate_universe__tool_only__dr004_v2_k3.json,Connecticut4,2025-12-31,Midday,228,228,27,0,stable_top:Evening,stable_top,Evening,BOX,9,9,1,0,0,0,0,0
2026-01-01,sharepacks,tool_only,sharepacks/2026-01-01/Connecticut4/candidate_universe__tool_only__dr004_v2_k3.json,Connecticut4,2025-12-31,Midday,228,228,27,0,stable_top:Midday,stable_top,Midday,BOX,15,15,1,0,0,0,0,0
2026-01-01,sharepacks,tool_only,sharepacks/2026-01-01/Connecticut4/candidate_universe__tool_only__dr004_v2_k3.json,Connecticut4,2025-12-31,Midday,228,228,27,0,vtrac_top_straights,vtrac_enhanced_top,Unknown,STRAIGHT,8,8,1,0,0,0,0,0
2026-01-01,sharepacks,tool_only,sharepacks/2026-01-01/Delaware4/candidate_universe__tool_only__dr004_v2_k3.json,Delaware4,2025-12-31,Evening,937,379,30,0,__UNION__,union,Unknown,MIXED,166,166,1,0,0,0,0,0
2026-01-01,sharepacks,tool_only,sharepacks/2026-01-01/Delaware4/candidate_universe__tool_only__dr004_v2_k3.json,Delaware4,2025-12-31,Evening,937,379,30,0,aux_positional_shortlist,aux_positional,Unknown,STRAIGHT,10,10,1,0,0,0,0,0
2026-01-01,sharepacks,tool_only,sharepacks/2026-01-01/Delaware4/candidate_universe__tool_only__dr004_v2_k3.json,Delaware4,2025-12-31,Evening,937,379,30,0,aux_vtrac_index_overdue:Combined:idx=2,aux_vtrac_index_overdue,Combined,STRAIGHT,24,24,1,0,0,0,0,0
2026-01-01,sharepacks,tool_only,sharepacks/2026-01-01/Delaware4/candidate_universe__tool_only__dr004_v2_k3.json,Delaware4,2025-12-31,Evening,937,379,30,0,aux_vtrac_index_overdue:Combined:idx=35,aux_vtrac_index_overdue,Combined,STRAIGHT,6,6,1,0,0,0,0,0
2026-01-01,sharepacks,tool_only,sharepacks/2026-01-01/Delaware4/candidate_universe__tool_only__dr004_v2_k3.json,Delaware4,2025-12-31,Evening,937,379,30,0,aux_vtrac_index_overdue:Evening:idx=1,aux_vtrac_index_overdue,Evening,STRAIGHT,6,6,1,0,0,0,0,0
2026-01-01,sharepacks,tool_only,sharepacks/2026-01-01/Delaware4/candidate_universe__tool_only__dr004_v2_k3.json,Delaware4,2025-12-31,Evening,937,379,30,0,aux_vtrac_index_overdue:Evening:idx=5,aux_vtrac_index_overdue,Evening,STRAIGHT,24,24,1,0,0,0,0,0
2026-01-01,sharepacks,tool_only,sharepacks/2026-01-01/Delaware4/candidate_universe__tool_only__dr004_v2_k3.json,Delaware4,2025-12-31,Evening,937,379,30,0,aux_vtrac_index_overdue:Midday:idx=32,aux_vtrac_index_overdue,Midday,STRAIGHT,6,6,1,0,0,0,0,0
2026-01-01,sharepacks,tool_only,sharepacks/2026-01-01/Delaware4/candidate_universe__tool_only__dr004_v2_k3.json,Delaware4,2025-12-31,Evening,937,379,30,0,aux_vtrac_index_overdue:Midday:idx=35,aux_vtrac_index_overdue,Midday,STRAIGHT,6,6,1,0,0,0,0,0
2026-01-01,sharepacks,tool_only,sharepacks/2026-01-01/Delaware4/candidate_universe__tool_only__dr004_v2_k3.json,Delaware4,2025-12-31,Evening,937,379,30,0,combo_pack:PackA_vt8:seed=045,PackA_vt8,Unknown,STRAIGHT,8,8,1,0,0,0,0,0
2026-01-01,sharepacks,tool_only,sharepacks/2026-01-01/Delaware4/candidate_universe__tool_only__dr004_v2_k3.json,Delaware4,2025-12-31,Evening,937,379,30,0,combo_pack:PackB_mirror3rd:seed=045,PackB_mirror3rd,Unknown,STRAIGHT,9,9,1,0,0,0,0,0
2026-01-01,sharepacks,tool_only,sharepacks/2026-01-01/Delaware4/candidate_universe__tool_only__dr004_v2_k3.json,Delaware4,2025-12-31,Evening,937,379,30,0,combo_pack:R-perm-4:envelope,R-perm-4,Unknown,STRAIGHT,16,16,1,0,0,0,0,0
2026-01-01,sharepacks,tool_only,sharepacks/2026-01-01/Delaware4/candidate_universe__tool_only__dr004_v2_k3.json,Delaware4,2025-12-31,Evening,937,379,30,0,combo_pack:consensus_double_9:trigger=1:keys=049,consensus_double_9,Unknown,MIXED,9,9,1,0,0,0,0,0
2026-01-01,sharepacks,tool_only,sharepacks/2026-01-01/Delaware4/candidate_universe__tool_only__dr004_v2_k3.json,Delaware4,2025-12-31,Evening,937,379,30,0,digit_reduction_dr004:Combined:top3,digit_reduction_dr004,Combined,BOX,12,12,1,0,0,0,0,0
2026-01-01,sharepacks,tool_only,sharepacks/2026-01-01/Delaware4/candidate_universe__tool_only__dr004_v2_k3.json,Delaware4,2025-12-31,Evening,937,379,30,0,digit_reduction_dr004:Evening:top3,digit_reduction_dr004,Evening,BOX,12,12,1,0,0,0,0,0
2026-01-01,sharepacks,tool_only,sharepacks/2026-01-01/Delaware4/candidate_universe__tool_only__dr004_v2_k3.json,Delaware4,2025-12-31,Evening,937,379,30,0,digit_reduction_dr004:Midday:top3,digit_reduction_dr004,Midday,BOX,13,13,1,0,0,0,0,0
2026-01-01,sharepacks,tool_only,sharepacks/2026-01-01/Delaware4/candidate_universe__tool_only__dr004_v2_k3.json,Delaware4,2025-12-31,Evening,937,379,30,0,due_doubles:Combined,due_doubles,Combined,BOX,12,12,1,0,0,0,0,0
2026-01-01,sharepacks,tool_only,sharepacks/2026-01-01/Delaware4/candidate_universe__tool_only__dr004_v2_k3.json,Delaware4,2025-12-31,Evening,937,379,30,0,due_doubles:Evening,due_doubles,Evening,BOX,12,12,1,0,0,0,0,0
2026-01-01,sharepacks,tool_only,sharepacks/2026-01-01/Delaware4/candidate_universe__tool_only__dr004_v2_k3.json,Delaware4,2025-12-31,Evening,937,379,30,0,due_doubles:Midday,due_doubles,Midday,BOX,12,12,1,0,0,0,0,0
2026-01-01,sharepacks,tool_only,sharepacks/2026-01-01/Delaware4/candidate_universe__tool_only__dr004_v2_k3.json,Delaware4,2025-12-31,Evening,937,379,30,0,due_doubles_mirror_double:Combined:seed=009,due_doubles_mirror_double,Combined,BOX,6,6,1,0,0,0,0,0
2026-01-01,sharepacks,tool_only,sharepacks/2026-01-01/Delaware4/candidate_universe__tool_only__dr004_v2_k3.json,Delaware4,2025-12-31,Evening,937,379,30,0,due_doubles_mirror_double:Evening:seed=009,due_doubles_mirror_double,Evening,BOX,6,6,1,0,0,0,0,0
2026-01-01,sharepacks,tool_only,sharepacks/2026-01-01/Delaware4/candidate_universe__tool_only__dr004_v2_k3.json,Delaware4,2025-12-31,Evening,937,379,30,0,due_doubles_mirror_double:Midday:seed=009,due_doubles_mirror_double,Midday,BOX,6,6,1,0,0,0,0,0
2026-01-01,sharepacks,tool_only,sharepacks/2026-01-01/Delaware4/candidate_universe__tool_only__dr004_v2_k3.json,Delaware4,2025-12-31,Evening,937,379,30,0,due_doubles_mirror_single:Combined:seed=009,due_doubles_mirror_single,Combined,BOX,6,6,1,0,0,0,0,0
2026-01-01,sharepacks,tool_only,sharepacks/2026-01-01/Delaware4/candidate_universe__tool_only__dr004_v2_k3.json,Delaware4,2025-12-31,Evening,937,379,30,0,due_doubles_mirror_single:Evening:seed=009,due_doubles_mirror_single,Evening,BOX,6,6,1,0,0,0,0,0
2026-01-01,sharepacks,tool_only,sharepacks/2026-01-01/Delaware4/candidate_universe__tool_only__dr004_v2_k3.json,Delaware4,2025-12-31,Evening,937,379,30,0,due_doubles_mirror_single:Midday:seed=009,due_doubles_mirror_single,Midday,BOX,6,6,1,0,0,0,0,0
2026-01-01,sharepacks,tool_only,sharepacks/2026-01-01/Delaware4/candidate_universe__tool_only__dr004_v2_k3.json,Delaware4,2025-12-31,Evening,937,379,30,0,hot_zones_top_triads,hot_zones_top,Unknown,STRAIGHT,8,8,1,0,0,0,0,0
2026-01-01,sharepacks,tool_only,sharepacks/2026-01-01/Delaware4/candidate_universe__tool_only__dr004_v2_k3.json,Delaware4,2025-12-31,Evening,937,379,30,0,mirror_pair_closure:pair=1/6,mirror_pair_closure,Unknown,BOX,18,18,1,0,0,0,0,0
2026-01-01,sharepacks,tool_only,sharepacks/2026-01-01/Delaware4/candidate_universe__tool_only__dr004_v2_k3.json,Delaware4,2025-12-31,Evening,937,379,30,0,mirror_pair_closure:pair=4/9,mirror_pair_closure,Unknown,BOX,18,18,1,0,0,0,0,0
2026-01-01,sharepacks,tool_only,sharepacks/2026-01-01/Delaware4/candidate_universe__tool_only__dr004_v2_k3.json,Delaware4,2025-12-31,Evening,937,379,30,0,stable_top:Combined,stable_top,Combined,BOX,9,9,1,0,0,0,0,0
2026-01-01,sharepacks,tool_only,sharepacks/2026-01-01/Delaware4/candidate_universe__tool_only__dr004_v2_k3.json,Delaware4,2025-12-31,Evening,937,379,30,0,stable_top:Evening,stable_top,Evening,BOX,9,9,1,0,0,0,0,0
2026-01-01,sharepacks,tool_only,sharepacks/2026-01-01/Delaware4/candidate_universe__tool_only__dr004_v2_k3.json,Delaware4,2025-12-31,Evening,937,379,30,0,stable_top:Midday,stable_top,Midday,BOX,12,12,1,0,0,0,0,0
2026-01-01,sharepacks,tool_only,sharepacks/2026-01-01/Delaware4/candidate_universe__tool_only__dr004_v2_k3.json,Delaware4,2025-12-31,Evening,937,379,30,0,vtrac_top_straights,vtrac_enhanced_top,Unknown,STRAIGHT,8,8,1,0,0,0,0,0
2026-01-01,sharepacks,tool_only,sharepacks/2026-01-01/Delaware4/candidate_universe__tool_only__dr004_v2_k3.json,Delaware4,2025-12-31,Midday,149,149,25,0,__UNION__,union,Unknown,MIXED,166,166,1,1,1,1,1,0
2026-01-01,sharepacks,tool_only,sharepacks/2026-01-01/Delaware4/candidate_universe__tool_only__dr004_v2_k3.json,Delaware4,2025-12-31,Midday,149,149,25,0,aux_positional_shortlist,aux_positional,Unknown,STRAIGHT,10,10,1,0,0,0,1,1
2026-01-01,sharepacks,tool_only,sharepacks/2026-01-01/Delaware4/candidate_universe__tool_only__dr004_v2_k3.json,Delaware4,2025-12-31,Midday,149,149,25,0,aux_vtrac_index_overdue:Combined:idx=2,aux_vtrac_index_overdue,Combined,STRAIGHT,24,24,1,0,0,0,0,0
2026-01-01,sharepacks,tool_only,sharepacks/2026-01-01/Delaware4/candidate_universe__tool_only__dr004_v2_k3.json,Delaware4,2025-12-31,Midday,149,149,25,0,aux_vtrac_index_overdue:Combined:idx=35,aux_vtrac_index_overdue,Combined,STRAIGHT,6,6,1,0,0,0,0,0
2026-01-01,sharepacks,tool_only,sharepacks/2026-01-01/Delaware4/candidate_universe__tool_only__dr004_v2_k3.json,Delaware4,2025-12-31,Midday,149,149,25,0,aux_vtrac_index_overdue:Evening:idx=1,aux_vtrac_index_overdue,Evening,STRAIGHT,6,6,1,0,0,0,0,0
2026-01-01,sharepacks,tool_only,sharepacks/2026-01-01/Delaware4/candidate_universe__tool_only__dr004_v2_k3.json,Delaware4,2025-12-31,Midday,149,149,25,0,aux_vtrac_index_overdue:Evening:idx=5,aux_vtrac_index_overdue,Evening,STRAIGHT,24,24,1,0,0,0,0,0
2026-01-01,sharepacks,tool_only,sharepacks/2026-01-01/Delaware4/candidate_universe__tool_only__dr004_v2_k3.json,Delaware4,2025-12-31,Midday,149,149,25,0,aux_vtrac_index_overdue:Midday:idx=32,aux_vtrac_index_overdue,Midday,STRAIGHT,6,6,1,0,0,0,0,0
2026-01-01,sharepacks,tool_only,sharepacks/2026-01-01/Delaware4/candidate_universe__tool_only__dr004_v2_k3.json,Delaware4,2025-12-31,Midday,149,149,25,0,aux_vtrac_index_overdue:Midday:idx=35,aux_vtrac_index_overdue,Midday,STRAIGHT,6,6,1,0,0,0,0,0
2026-01-01,sharepacks,tool_only,sharepacks/2026-01-01/Delaware4/candidate_universe__tool_only__dr004_v2_k3.json,Delaware4,2025-12-31,Midday,149,149,25,0,combo_pack:PackA_vt8:seed=045,PackA_vt8,Unknown,STRAIGHT,8,8,1,0,0,0,0,0
2026-01-01,sharepacks,tool_only,sharepacks/2026-01-01/Delaware4/candidate_universe__tool_only__dr004_v2_k3.json,Delaware4,2025-12-31,Midday,149,149,25,0,combo_pack:PackB_mirror3rd:seed=045,PackB_mirror3rd,Unknown,STRAIGHT,9,9,1,0,0,0,0,0
2026-01-01,sharepacks,tool_only,sharepacks/2026-01-01/Delaware4/candidate_universe__tool_only__dr004_v2_k3.json,Delaware4,2025-12-31,Midday,149,149,25,0,combo_pack:R-perm-4:envelope,R-perm-4,Unknown,STRAIGHT,16,16,1,0,0,0,0,0
2026-01-01,sharepacks,tool_only,sharepacks/2026-01-01/Delaware4/candidate_universe__tool_only__dr004_v2_k3.json,Delaware4,2025-12-31,Midday,149,149,25,0,combo_pack:consensus_double_9:trigger=1:keys=049,consensus_double_9,Unknown,MIXED,9,9,1,0,0,0,0,0
2026-01-01,sharepacks,tool_only,sharepacks/2026-01-01/Delaware4/candidate_universe__tool_only__dr004_v2_k3.json,Delaware4,2025-12-31,Midday,149,149,25,0,digit_reduction_dr004:Combined:top3,digit_reduction_dr004,Combined,BOX,12,12,1,0,0,0,1,1
2026-01-01,sharepacks,tool_only,sharepacks/2026-01-01/Delaware4/candidate_universe__tool_only__dr004_v2_k3.json,Delaware4,2025-12-31,Midday,149,149,25,0,digit_reduction_dr004:Evening:top3,digit_reduction_dr004,Evening,BOX,12,12,1,1,1,1,1,0
2026-01-01,sharepacks,tool_only,sharepacks/2026-01-01/Delaware4/candidate_universe__tool_only__dr004_v2_k3.json,Delaware4,2025-12-31,Midday,149,149,25,0,digit_reduction_dr004:Midday:top3,digit_reduction_dr004,Midday,BOX,13,13,1,1,1,1,1,0
2026-01-01,sharepacks,tool_only,sharepacks/2026-01-01/Delaware4/candidate_universe__tool_only__dr004_v2_k3.json,Delaware4,2025-12-31,Midday,149,149,25,0,due_doubles:Combined,due_doubles,Combined,BOX,12,12,1,0,0,0,0,0
2026-01-01,sharepacks,tool_only,sharepacks/2026-01-01/Delaware4/candidate_universe__tool_only__dr004_v2_k3.json,Delaware4,2025-12-31,Midday,149,149,25,0,due_doubles:Evening,due_doubles,Evening,BOX,12,12,1,0,0,0,0,0
2026-01-01,sharepacks,tool_only,sharepacks/2026-01-01/Delaware4/candidate_universe__tool_only__dr004_v2_k3.json,Delaware4,2025-12-31,Midday,149,149,25,0,due_doubles:Midday,due_doubles,Midday,BOX,12,12,1,0,0,0,0,0
2026-01-01,sharepacks,tool_only,sharepacks/2026-01-01/Delaware4/candidate_universe__tool_only__dr004_v2_k3.json,Delaware4,2025-12-31,Midday,149,149,25,0,due_doubles_mirror_double:Combined:seed=009,due_doubles_mirror_double,Combined,BOX,6,6,1,0,0,0,0,0
2026-01-01,sharepacks,tool_only,sharepacks/2026-01-01/Delaware4/candidate_universe__tool_only__dr004_v2_k3.json,Delaware4,2025-12-31,Midday,149,149,25,0,due_doubles_mirror_double:Evening:seed=009,due_doubles_mirror_double,Evening,BOX,6,6,1,0,0,0,0,0
2026-01-01,sharepacks,tool_only,sharepacks/2026-01-01/Delaware4/candidate_universe__tool_only__dr004_v2_k3.json,Delaware4,2025-12-31,Midday,149,149,25,0,due_doubles_mirror_double:Midday:seed=009,due_doubles_mirror_double,Midday,BOX,6,6,1,0,0,0,0,0
2026-01-01,sharepacks,tool_only,sharepacks/2026-01-01/Delaware4/candidate_universe__tool_only__dr004_v2_k3.json,Delaware4,2025-12-31,Midday,149,149,25,0,due_doubles_mirror_single:Combined:seed=009,due_doubles_mirror_single,Combined,BOX,6,6,1,0,0,0,0,0
2026-01-01,sharepacks,tool_only,sharepacks/2026-01-01/Delaware4/candidate_universe__tool_only__dr004_v2_k3.json,Delaware4,2025-12-31,Midday,149,149,25,0,due_doubles_mirror_single:Evening:seed=009,due_doubles_mirror_single,Evening,BOX,6,6,1,0,0,0,0,0
2026-01-01,sharepacks,tool_only,sharepacks/2026-01-01/Delaware4/candidate_universe__tool_only__dr004_v2_k3.json,Delaware4,2025-12-31,Midday,149,149,25,0,due_doubles_mirror_single:Midday:seed=009,due_doubles_mirror_single,Midday,BOX,6,6,1,0,0,0,0,0
2026-01-01,sharepacks,tool_only,sharepacks/2026-01-01/Delaware4/candidate_universe__tool_only__dr004_v2_k3.json,Delaware4,2025-12-31,Midday,149,149,25,0,hot_zones_top_triads,hot_zones_top,Unknown,STRAIGHT,8,8,1,0,0,0,0,0
2026-01-01,sharepacks,tool_only,sharepacks/2026-01-01/Delaware4/candidate_universe__tool_only__dr004_v2_k3.json,Delaware4,2025-12-31,Midday,149,149,25,0,mirror_pair_closure:pair=1/6,mirror_pair_closure,Unknown,BOX,18,18,1,0,0,0,0,0
2026-01-01,sharepacks,tool_only,sharepacks/2026-01-01/Delaware4/candidate_universe__tool_only__dr004_v2_k3.json,Delaware4,2025-12-31,Midday,149,149,25,0,mirror_pair_closure:pair=4/9,mirror_pair_closure,Unknown,BOX,18,18,1,1,1,1,1,0
2026-01-01,sharepacks,tool_only,sharepacks/2026-01-01/Delaware4/candidate_universe__tool_only__dr004_v2_k3.json,Delaware4,2025-12-31,Midday,149,149,25,0,stable_top:Combined,stable_top,Combined,BOX,9,9,1,0,0,0,1,1
2026-01-01,sharepacks,tool_only,sharepacks/2026-01-01/Delaware4/candidate_universe__tool_only__dr004_v2_k3.json,Delaware4,2025-12-31,Midday,149,149,25,0,stable_top:Evening,stable_top,Evening,BOX,9,9,1,0,0,0,0,0
2026-01-01,sharepacks,tool_only,sharepacks/2026-01-01/Delaware4/candidate_universe__tool_only__dr004_v2_k3.json,Delaware4,2025-12-31,Midday,149,149,25,0,stable_top:Midday,stable_top,Midday,BOX,12,12,1,0,0,0,1,1
2026-01-01,sharepacks,tool_only,sharepacks/2026-01-01/Delaware4/candidate_universe__tool_only__dr004_v2_k3.json,Delaware4,2025-12-31,Midday,149,149,25,0,vtrac_top_straights,vtrac_enhanced_top,Unknown,STRAIGHT,8,8,1,0,0,0,1,1
2026-01-01,sharepacks,tool_only,sharepacks/2026-01-01/Florida4/candidate_universe__tool_only__dr004_v2_k3.json,Florida4,2025-12-31,Evening,291,129,22,0,__UNION__,union,Unknown,MIXED,171,171,1,0,0,0,1,1
2026-01-01,sharepacks,tool_only,sharepacks/2026-01-01/Florida4/candidate_universe__tool_only__dr004_v2_k3.json,Florida4,2025-12-31,Evening,291,129,22,0,aux_positional_shortlist,aux_positional,Unknown,STRAIGHT,10,10,1,0,0,0,1,1
2026-01-01,sharepacks,tool_only,sharepacks/2026-01-01/Florida4/candidate_universe__tool_only__dr004_v2_k3.json,Florida4,2025-12-31,Evening,291,129,22,0,aux_vtrac_index_overdue:Combined:idx=26,aux_vtrac_index_overdue,Combined,STRAIGHT,6,6,1,0,0,0,0,0
2026-01-01,sharepacks,tool_only,sharepacks/2026-01-01/Florida4/candidate_universe__tool_only__dr004_v2_k3.json,Florida4,2025-12-31,Evening,291,129,22,0,aux_vtrac_index_overdue:Combined:idx=32,aux_vtrac_index_overdue,Combined,STRAIGHT,6,6,1,0,0,0,0,0
2026-01-01,sharepacks,tool_only,sharepacks/2026-01-01/Florida4/candidate_universe__tool_only__dr004_v2_k3.json,Florida4,2025-12-31,Evening,291,129,22,0,aux_vtrac_index_overdue:Evening:idx=32,aux_vtrac_index_overdue,Evening,STRAIGHT,6,6,1,0,0,0,0,0
2026-01-01,sharepacks,tool_only,sharepacks/2026-01-01/Florida4/candidate_universe__tool_only__dr004_v2_k3.json,Florida4,2025-12-31,Evening,291,129,22,0,aux_vtrac_index_overdue:Evening:idx=35,aux_vtrac_index_overdue,Evening,STRAIGHT,6,6,1,0,0,0,0,0
2026-01-01,sharepacks,tool_only,sharepacks/2026-01-01/Florida4/candidate_universe__tool_only__dr004_v2_k3.json,Florida4,2025-12-31,Evening,291,129,22,0,aux_vtrac_index_overdue:Midday:idx=26,aux_vtrac_index_overdue,Midday,STRAIGHT,6,6,1,0,0,0,0,0
2026-01-01,sharepacks,tool_only,sharepacks/2026-01-01/Florida4/candidate_universe__tool_only__dr004_v2_k3.json,Florida4,2025-12-31,Evening,291,129,22,0,aux_vtrac_index_overdue:Midday:idx=32,aux_vtrac_index_overdue,Midday,STRAIGHT,6,6,1,0,0,0,0,0
2026-01-01,sharepacks,tool_only,sharepacks/2026-01-01/Florida4/candidate_universe__tool_only__dr004_v2_k3.json,Florida4,2025-12-31,Evening,291,129,22,0,combo_pack:PackA_vt8:seed=037,PackA_vt8,Unknown,STRAIGHT,8,8,1,0,0,0,0,0
2026-01-01,sharepacks,tool_only,sharepacks/2026-01-01/Florida4/candidate_universe__tool_only__dr004_v2_k3.json,Florida4,2025-12-31,Evening,291,129,22,0,combo_pack:PackB_mirror3rd:seed=037,PackB_mirror3rd,Unknown,STRAIGHT,12,12,1,0,0,0,0,0
2026-01-01,sharepacks,tool_only,sharepacks/2026-01-01/Florida4/candidate_universe__tool_only__dr004_v2_k3.json,Florida4,2025-12-31,Evening,291,129,22,0,combo_pack:R-perm-4:envelope,R-perm-4,Unknown,STRAIGHT,16,16,1,0,0,0,0,0
2026-01-01,sharepacks,tool_only,sharepacks/2026-01-01/Florida4/candidate_universe__tool_only__dr004_v2_k3.json,Florida4,2025-12-31,Evening,291,129,22,0,combo_pack:consensus_double_9:trigger=7:keys=038,consensus_double_9,Unknown,MIXED,9,9,1,0,0,0,0,0
2026-01-01,sharepacks,tool_only,sharepacks/2026-01-01/Florida4/candidate_universe__tool_only__dr004_v2_k3.json,Florida4,2025-12-31,Evening,291,129,22,0,digit_reduction_dr004:Combined:top3,digit_reduction_dr004,Combined,BOX,8,8,1,0,0,0,0,0
2026-01-01,sharepacks,tool_only,sharepacks/2026-01-01/Florida4/candidate_universe__tool_only__dr004_v2_k3.json,Florida4,2025-12-31,Evening,291,129,22,0,digit_reduction_dr004:Evening:top3,digit_reduction_dr004,Evening,BOX,13,13,1,0,0,0,0,0
2026-01-01,sharepacks,tool_only,sharepacks/2026-01-01/Florida4/candidate_universe__tool_only__dr004_v2_k3.json,Florida4,2025-12-31,Evening,291,129,22,0,digit_reduction_dr004:Midday:top3,digit_reduction_dr004,Midday,BOX,13,13,1,0,0,0,0,0
2026-01-01,sharepacks,tool_only,sharepacks/2026-01-01/Florida4/candidate_universe__tool_only__dr004_v2_k3.json,Florida4,2025-12-31,Evening,291,129,22,0,due_doubles:Combined,due_doubles,Combined,BOX,12,12,1,0,0,0,0,0
2026-01-01,sharepacks,tool_only,sharepacks/2026-01-01/Florida4/candidate_universe__tool_only__dr004_v2_k3.json,Florida4,2025-12-31,Evening,291,129,22,0,due_doubles:Evening,due_doubles,Evening,BOX,12,12,1,0,0,0,0,0
2026-01-01,sharepacks,tool_only,sharepacks/2026-01-01/Florida4/candidate_universe__tool_only__dr004_v2_k3.json,Florida4,2025-12-31,Evening,291,129,22,0,due_doubles:Midday,due_doubles,Midday,BOX,12,12,1,0,0,0,0,0
2026-01-01,sharepacks,tool_only,sharepacks/2026-01-01/Florida4/candidate_universe__tool_only__dr004_v2_k3.json,Florida4,2025-12-31,Evening,291,129,22,0,due_doubles_mirror_double:Combined:seed=003,due_doubles_mirror_double,Combined,BOX,6,6,1,0,0,0,0,0
2026-01-01,sharepacks,tool_only,sharepacks/2026-01-01/Florida4/candidate_universe__tool_only__dr004_v2_k3.json,Florida4,2025-12-31,Evening,291,129,22,0,due_doubles_mirror_double:Evening:seed=003,due_doubles_mirror_double,Evening,BOX,6,6,1,0,0,0,0,0
2026-01-01,sharepacks,tool_only,sharepacks/2026-01-01/Florida4/candidate_universe__tool_only__dr004_v2_k3.json,Florida4,2025-12-31,Evening,291,129,22,0,due_doubles_mirror_double:Midday:seed=003,due_doubles_mirror_double,Midday,BOX,6,6,1,0,0,0,0,0
2026-01-01,sharepacks,tool_only,sharepacks/2026-01-01/Florida4/candidate_universe__tool_only__dr004_v2_k3.json,Florida4,2025-12-31,Evening,291,129,22,0,due_doubles_mirror_single:Combined:seed=003,due_doubles_mirror_single,Combined,BOX,6,6,1,0,0,0,0,0
2026-01-01,sharepacks,tool_only,sharepacks/2026-01-01/Florida4/candidate_universe__tool_only__dr004_v2_k3.json,Florida4,2025-12-31,Evening,291,129,22,0,due_doubles_mirror_single:Evening:seed=003,due_doubles_mirror_single,Evening,BOX,6,6,1,0,0,0,0,0
2026-01-01,sharepacks,tool_only,sharepacks/2026-01-01/Florida4/candidate_universe__tool_only__dr004_v2_k3.json,Florida4,2025-12-31,Evening,291,129,22,0,due_doubles_mirror_single:Midday:seed=003,due_doubles_mirror_single,Midday,BOX,6,6,1,0,0,0,0,0
2026-01-01,sharepacks,tool_only,sharepacks/2026-01-01/Florida4/candidate_universe__tool_only__dr004_v2_k3.json,Florida4,2025-12-31,Evening,291,129,22,0,hot_zones_top_triads,hot_zones_top,Unknown,STRAIGHT,8,8,1,0,0,0,0,0
2026-01-01,sharepacks,tool_only,sharepacks/2026-01-01/Florida4/candidate_universe__tool_only__dr004_v2_k3.json,Florida4,2025-12-31,Evening,291,129,22,0,mirror_pair_closure:pair=1/6,mirror_pair_closure,Unknown,BOX,18,18,1,0,0,0,0,0
2026-01-01,sharepacks,tool_only,sharepacks/2026-01-01/Florida4/candidate_universe__tool_only__dr004_v2_k3.json,Florida4,2025-12-31,Evening,291,129,22,0,mirror_pair_closure:pair=2/7,mirror_pair_closure,Unknown,BOX,18,18,1,0,0,0,0,0
2026-01-01,sharepacks,tool_only,sharepacks/2026-01-01/Florida4/candidate_universe__tool_only__dr004_v2_k3.json,Florida4,2025-12-31,Evening,291,129,22,0,stable_top:Combined,stable_top,Combined,BOX,9,9,1,0,0,0,0,0
2026-01-01,sharepacks,tool_only,sharepacks/2026-01-01/Florida4/candidate_universe__tool_only__dr004_v2_k3.json,Florida4,2025-12-31,Evening,291,129,22,0,stable_top:Evening,stable_top,Evening,BOX,9,9,1,0,0,0,0,0
2026-01-01,sharepacks,tool_only,sharepacks/2026-01-01/Florida4/candidate_universe__tool_only__dr004_v2_k3.json,Florida4,2025-12-31,Evening,291,129,22,0,stable_top:Midday,stable_top,Midday,BOX,9,9,1,0,0,0,0,0
2026-01-01,sharepacks,tool_only,sharepacks/2026-01-01/Florida4/candidate_universe__tool_only__dr004_v2_k3.json,Florida4,2025-12-31,Evening,291,129,22,0,vtrac_top_straights,vtrac_enhanced_top,Unknown,STRAIGHT,8,8,1,0,0,0,0,0
2026-01-01,sharepacks,tool_only,sharepacks/2026-01-01/Florida4/candidate_universe__tool_only__dr004_v2_k3.json,Florida4,2025-12-31,Midday,195,159,9,0,__UNION__,union,Unknown,MIXED,171,171,1,0,0,0,0,0
2026-01-01,sharepacks,tool_only,sharepacks/2026-01-01/Florida4/candidate_universe__tool_only__dr004_v2_k3.json,Florida4,2025-12-31,Midday,195,159,9,0,aux_positional_shortlist,aux_positional,Unknown,STRAIGHT,10,10,1,0,0,0,0,0
2026-01-01,sharepacks,tool_only,sharepacks/2026-01-01/Florida4/candidate_universe__tool_only__dr004_v2_k3.json,Florida4,2025-12-31,Midday,195,159,9,0,aux_vtrac_index_overdue:Combined:idx=26,aux_vtrac_index_overdue,Combined,STRAIGHT,6,6,1,0,0,0,0,0
2026-01-01,sharepacks,tool_only,sharepacks/2026-01-01/Florida4/candidate_universe__tool_only__dr004_v2_k3.json,Florida4,2025-12-31,Midday,195,159,9,0,aux_vtrac_index_overdue:Combined:idx=32,aux_vtrac_index_overdue,Combined,STRAIGHT,6,6,1,0,0,0,0,0
2026-01-01,sharepacks,tool_only,sharepacks/2026-01-01/Florida4/candidate_universe__tool_only__dr004_v2_k3.json,Florida4,2025-12-31,Midday,195,159,9,0,aux_vtrac_index_overdue:Evening:idx=32,aux_vtrac_index_overdue,Evening,STRAIGHT,6,6,1,0,0,0,0,0
2026-01-01,sharepacks,tool_only,sharepacks/2026-01-01/Florida4/candidate_universe__tool_only__dr004_v2_k3.json,Florida4,2025-12-31,Midday,195,159,9,0,aux_vtrac_index_overdue:Evening:idx=35,aux_vtrac_index_overdue,Evening,STRAIGHT,6,6,1,0,0,0,0,0
2026-01-01,sharepacks,tool_only,sharepacks/2026-01-01/Florida4/candidate_universe__tool_only__dr004_v2_k3.json,Florida4,2025-12-31,Midday,195,159,9,0,aux_vtrac_index_overdue:Midday:idx=26,aux_vtrac_index_overdue,Midday,STRAIGHT,6,6,1,0,0,0,0,0
2026-01-01,sharepacks,tool_only,sharepacks/2026-01-01/Florida4/candidate_universe__tool_only__dr004_v2_k3.json,Florida4,2025-12-31,Midday,195,159,9,0,aux_vtrac_index_overdue:Midday:idx=32,aux_vtrac_index_overdue,Midday,STRAIGHT,6,6,1,0,0,0,0,0
2026-01-01,sharepacks,tool_only,sharepacks/2026-01-01/Florida4/candidate_universe__tool_only__dr004_v2_k3.json,Florida4,2025-12-31,Midday,195,159,9,0,combo_pack:PackA_vt8:seed=037,PackA_vt8,Unknown,STRAIGHT,8,8,1,0,0,0,0,0
2026-01-01,sharepacks,tool_only,sharepacks/2026-01-01/Florida4/candidate_universe__tool_only__dr004_v2_k3.json,Florida4,2025-12-31,Midday,195,159,9,0,combo_pack:PackB_mirror3rd:seed=037,PackB_mirror3rd,Unknown,STRAIGHT,12,12,1,0,0,0,0,0
2026-01-01,sharepacks,tool_only,sharepacks/2026-01-01/Florida4/candidate_universe__tool_only__dr004_v2_k3.json,Florida4,2025-12-31,Midday,195,159,9,0,combo_pack:R-perm-4:envelope,R-perm-4,Unknown,STRAIGHT,16,16,1,0,0,0,0,0
2026-01-01,sharepacks,tool_only,sharepacks/2026-01-01/Florida4/candidate_universe__tool_only__dr004_v2_k3.json,Florida4,2025-12-31,Midday,195,159,9,0,combo_pack:consensus_double_9:trigger=7:keys=038,consensus_double_9,Unknown,MIXED,9,9,1,0,0,0,0,0
2026-01-01,sharepacks,tool_only,sharepacks/2026-01-01/Florida4/candidate_universe__tool_only__dr004_v2_k3.json,Florida4,2025-12-31,Midday,195,159,9,0,digit_reduction_dr004:Combined:top3,digit_reduction_dr004,Combined,BOX,8,8,1,0,0,0,0,0
2026-01-01,sharepacks,tool_only,sharepacks/2026-01-01/Florida4/candidate_universe__tool_only__dr004_v2_k3.json,Florida4,2025-12-31,Midday,195,159,9,0,digit_reduction_dr004:Evening:top3,digit_reduction_dr004,Evening,BOX,13,13,1,0,0,0,0,0
2026-01-01,sharepacks,tool_only,sharepacks/2026-01-01/Florida4/candidate_universe__tool_only__dr004_v2_k3.json,Florida4,2025-12-31,Midday,195,159,9,0,digit_reduction_dr004:Midday:top3,digit_reduction_dr004,Midday,BOX,13,13,1,0,0,0,0,0
2026-01-01,sharepacks,tool_only,sharepacks/2026-01-01/Florida4/candidate_universe__tool_only__dr004_v2_k3.json,Florida4,2025-12-31,Midday,195,159,9,0,due_doubles:Combined,due_doubles,Combined,BOX,12,12,1,0,0,0,0,0
2026-01-01,sharepacks,tool_only,sharepacks/2026-01-01/Florida4/candidate_universe__tool_only__dr004_v2_k3.json,Florida4,2025-12-31,Midday,195,159,9,0,due_doubles:Evening,due_doubles,Evening,BOX,12,12,1,0,0,0,0,0
2026-01-01,sharepacks,tool_only,sharepacks/2026-01-01/Florida4/candidate_universe__tool_only__dr004_v2_k3.json,Florida4,2025-12-31,Midday,195,159,9,0,due_doubles:Midday,due_doubles,Midday,BOX,12,12,1,0,0,0,0,0
2026-01-01,sharepacks,tool_only,sharepacks/2026-01-01/Florida4/candidate_universe__tool_only__dr004_v2_k3.json,Florida4,2025-12-31,Midday,195,159,9,0,due_doubles_mirror_double:Combined:seed=003,due_doubles_mirror_double,Combined,BOX,6,6,1,0,0,0,0,0
2026-01-01,sharepacks,tool_only,sharepacks/2026-01-01/Florida4/candidate_universe__tool_only__dr004_v2_k3.json,Florida4,2025-12-31,Midday,195,159,9,0,due_doubles_mirror_double:Evening:seed=003,due_doubles_mirror_double,Evening,BOX,6,6,1,0,0,0,0,0
2026-01-01,sharepacks,tool_only,sharepacks/2026-01-01/Florida4/candidate_universe__tool_only__dr004_v2_k3.json,Florida4,2025-12-31,Midday,195,159,9,0,due_doubles_mirror_double:Midday:seed=003,due_doubles_mirror_double,Midday,BOX,6,6,1,0,0,0,0,0
2026-01-01,sharepacks,tool_only,sharepacks/2026-01-01/Florida4/candidate_universe__tool_only__dr004_v2_k3.json,Florida4,2025-12-31,Midday,195,159,9,0,due_doubles_mirror_single:Combined:seed=003,due_doubles_mirror_single,Combined,BOX,6,6,1,0,0,0,0,0
2026-01-01,sharepacks,tool_only,sharepacks/2026-01-01/Florida4/candidate_universe__tool_only__dr004_v2_k3.json,Florida4,2025-12-31,Midday,195,159,9,0,due_doubles_mirror_single:Evening:seed=003,due_doubles_mirror_single,Evening,BOX,6,6,1,0,0,0,0,0
2026-01-01,sharepacks,tool_only,sharepacks/2026-01-01/Florida4/candidate_universe__tool_only__dr004_v2_k3.json,Florida4,2025-12-31,Midday,195,159,9,0,due_doubles_mirror_single:Midday:seed=003,due_doubles_mirror_single,Midday,BOX,6,6,1,0,0,0,0,0
2026-01-01,sharepacks,tool_only,sharepacks/2026-01-01/Florida4/candidate_universe__tool_only__dr004_v2_k3.json,Florida4,2025-12-31,Midday,195,159,9,0,hot_zones_top_triads,hot_zones_top,Unknown,STRAIGHT,8,8,1,0,0,0,0,0
2026-01-01,sharepacks,tool_only,sharepacks/2026-01-01/Florida4/candidate_universe__tool_only__dr004_v2_k3.json,Florida4,2025-12-31,Midday,195,159,9,0,mirror_pair_closure:pair=1/6,mirror_pair_closure,Unknown,BOX,18,18,1,0,0,0,0,0
2026-01-01,sharepacks,tool_only,sharepacks/2026-01-01/Florida4/candidate_universe__tool_only__dr004_v2_k3.json,Florida4,2025-12-31,Midday,195,159,9,0,mirror_pair_closure:pair=2/7,mirror_pair_closure,Unknown,BOX,18,18,1,0,0,0,0,0
2026-01-01,sharepacks,tool_only,sharepacks/2026-01-01/Florida4/candidate_universe__tool_only__dr004_v2_k3.json,Florida4,2025-12-31,Midday,195,159,9,0,stable_top:Combined,stable_top,Combined,BOX,9,9,1,0,0,0,0,0
2026-01-01,sharepacks,tool_only,sharepacks/2026-01-01/Florida4/candidate_universe__tool_only__dr004_v2_k3.json,Florida4,2025-12-31,Midday,195,159,9,0,stable_top:Evening,stable_top,Evening,BOX,9,9,1,0,0,0,0,0
2026-01-01,sharepacks,tool_only,sharepacks/2026-01-01/Florida4/candidate_universe__tool_only__dr004_v2_k3.json,Florida4,2025-12-31,Midday,195,159,9,0,stable_top:Midday,stable_top,Midday,BOX,9,9,1,0,0,0,0,0
2026-01-01,sharepacks,tool_only,sharepacks/2026-01-01/Florida4/candidate_universe__tool_only__dr004_v2_k3.json,Florida4,2025-12-31,Midday,195,159,9,0,vtrac_top_straights,vtrac_enhanced_top,Unknown,STRAIGHT,8,8,1,0,0,0,0,0
2026-01-01,sharepacks,tool_only,sharepacks/2026-01-01/Indiana4/candidate_universe__tool_only__dr004_v2_k3.json,Indiana4,2025-12-31,Evening,909,099,15,0,__UNION__,union,Unknown,MIXED,198,198,1,0,0,0,0,0
2026-01-01,sharepacks,tool_only,sharepacks/2026-01-01/Indiana4/candidate_universe__tool_only__dr004_v2_k3.json,Indiana4,2025-12-31,Evening,909,099,15,0,aux_positional_shortlist,aux_positional,Unknown,STRAIGHT,10,10,1,0,0,0,0,0
2026-01-01,sharepacks,tool_only,sharepacks/2026-01-01/Indiana4/candidate_universe__tool_only__dr004_v2_k3.json,Indiana4,2025-12-31,Evening,909,099,15,0,aux_vtrac_index_overdue:Combined:idx=16,aux_vtrac_index_overdue,Combined,STRAIGHT,6,6,1,0,0,0,0,0
2026-01-01,sharepacks,tool_only,sharepacks/2026-01-01/Indiana4/candidate_universe__tool_only__dr004_v2_k3.json,Indiana4,2025-12-31,Evening,909,099,15,0,aux_vtrac_index_overdue:Combined:idx=28,aux_vtrac_index_overdue,Combined,STRAIGHT,24,24,1,0,0,0,0,0
2026-01-01,sharepacks,tool_only,sharepacks/2026-01-01/Indiana4/candidate_universe__tool_only__dr004_v2_k3.json,Indiana4,2025-12-31,Evening,909,099,15,0,aux_vtrac_index_overdue:Evening:idx=16,aux_vtrac_index_overdue,Evening,STRAIGHT,6,6,1,0,0,0,0,0
2026-01-01,sharepacks,tool_only,sharepacks/2026-01-01/Indiana4/candidate_universe__tool_only__dr004_v2_k3.json,Indiana4,2025-12-31,Evening,909,099,15,0,aux_vtrac_index_overdue:Evening:idx=23,aux_vtrac_index_overdue,Evening,STRAIGHT,24,24,1,0,0,0,0,0
2026-01-01,sharepacks,tool_only,sharepacks/2026-01-01/Indiana4/candidate_universe__tool_only__dr004_v2_k3.json,Indiana4,2025-12-31,Evening,909,099,15,0,aux_vtrac_index_overdue:Midday:idx=1,aux_vtrac_index_overdue,Midday,STRAIGHT,6,6,1,0,0,0,0,0
2026-01-01,sharepacks,tool_only,sharepacks/2026-01-01/Indiana4/candidate_universe__tool_only__dr004_v2_k3.json,Indiana4,2025-12-31,Evening,909,099,15,0,aux_vtrac_index_overdue:Midday:idx=16,aux_vtrac_index_overdue,Midday,STRAIGHT,6,6,1,0,0,0,0,0
2026-01-01,sharepacks,tool_only,sharepacks/2026-01-01/Indiana4/candidate_universe__tool_only__dr004_v2_k3.json,Indiana4,2025-12-31,Evening,909,099,15,0,combo_pack:PackA_vt8:seed=026,PackA_vt8,Unknown,STRAIGHT,8,8,1,0,0,0,0,0
2026-01-01,sharepacks,tool_only,sharepacks/2026-01-01/Indiana4/candidate_universe__tool_only__dr004_v2_k3.json,Indiana4,2025-12-31,Evening,909,099,15,0,combo_pack:PackB_mirror3rd:seed=026,PackB_mirror3rd,Unknown,STRAIGHT,12,12,1,0,0,0,0,0
2026-01-01,sharepacks,tool_only,sharepacks/2026-01-01/Indiana4/candidate_universe__tool_only__dr004_v2_k3.json,Indiana4,2025-12-31,Evening,909,099,15,0,combo_pack:R-perm-4:envelope,R-perm-4,Unknown,STRAIGHT,16,16,1,0,0,0,0,0
2026-01-01,sharepacks,tool_only,sharepacks/2026-01-01/Indiana4/candidate_universe__tool_only__dr004_v2_k3.json,Indiana4,2025-12-31,Evening,909,099,15,0,combo_pack:consensus_double_9:trigger=6:keys=207,consensus_double_9,Unknown,MIXED,9,9,1,0,0,0,0,0
2026-01-01,sharepacks,tool_only,sharepacks/2026-01-01/Indiana4/candidate_universe__tool_only__dr004_v2_k3.json,Indiana4,2025-12-31,Evening,909,099,15,0,digit_reduction_dr004:Combined:top3,digit_reduction_dr004,Combined,BOX,13,13,1,0,0,0,0,0
2026-01-01,sharepacks,tool_only,sharepacks/2026-01-01/Indiana4/candidate_universe__tool_only__dr004_v2_k3.json,Indiana4,2025-12-31,Evening,909,099,15,0,digit_reduction_dr004:Evening:top3,digit_reduction_dr004,Evening,BOX,10,10,1,0,0,0,0,0
2026-01-01,sharepacks,tool_only,sharepacks/2026-01-01/Indiana4/candidate_universe__tool_only__dr004_v2_k3.json,Indiana4,2025-12-31,Evening,909,099,15,0,digit_reduction_dr004:Midday:top3,digit_reduction_dr004,Midday,BOX,13,13,1,0,0,0,0,0
2026-01-01,sharepacks,tool_only,sharepacks/2026-01-01/Indiana4/candidate_universe__tool_only__dr004_v2_k3.json,Indiana4,2025-12-31,Evening,909,099,15,0,due_doubles:Combined,due_doubles,Combined,BOX,12,12,1,0,0,0,0,0
2026-01-01,sharepacks,tool_only,sharepacks/2026-01-01/Indiana4/candidate_universe__tool_only__dr004_v2_k3.json,Indiana4,2025-12-31,Evening,909,099,15,0,due_doubles:Evening,due_doubles,Evening,BOX,12,12,1,0,0,0,0,0
2026-01-01,sharepacks,tool_only,sharepacks/2026-01-01/Indiana4/candidate_universe__tool_only__dr004_v2_k3.json,Indiana4,2025-12-31,Evening,909,099,15,0,due_doubles:Midday,due_doubles,Midday,BOX,12,12,1,0,0,0,0,0
2026-01-01,sharepacks,tool_only,sharepacks/2026-01-01/Indiana4/candidate_universe__tool_only__dr004_v2_k3.json,Indiana4,2025-12-31,Evening,909,099,15,0,due_doubles_mirror_double:Combined:seed=002,due_doubles_mirror_double,Combined,BOX,6,6,1,0,0,0,0,0
2026-01-01,sharepacks,tool_only,sharepacks/2026-01-01/Indiana4/candidate_universe__tool_only__dr004_v2_k3.json,Indiana4,2025-12-31,Evening,909,099,15,0,due_doubles_mirror_double:Evening:seed=002,due_doubles_mirror_double,Evening,BOX,6,6,1,0,0,0,0,0
2026-01-01,sharepacks,tool_only,sharepacks/2026-01-01/Indiana4/candidate_universe__tool_only__dr004_v2_k3.json,Indiana4,2025-12-31,Evening,909,099,15,0,due_doubles_mirror_double:Midday:seed=002,due_doubles_mirror_double,Midday,BOX,6,6,1,0,0,0,0,0
2026-01-01,sharepacks,tool_only,sharepacks/2026-01-01/Indiana4/candidate_universe__tool_only__dr004_v2_k3.json,Indiana4,2025-12-31,Evening,909,099,15,0,due_doubles_mirror_single:Combined:seed=002,due_doubles_mirror_single,Combined,BOX,6,6,1,0,0,0,0,0
2026-01-01,sharepacks,tool_only,sharepacks/2026-01-01/Indiana4/candidate_universe__tool_only__dr004_v2_k3.json,Indiana4,2025-12-31,Evening,909,099,15,0,due_doubles_mirror_single:Evening:seed=002,due_doubles_mirror_single,Evening,BOX,6,6,1,0,0,0,0,0
2026-01-01,sharepacks,tool_only,sharepacks/2026-01-01/Indiana4/candidate_universe__tool_only__dr004_v2_k3.json,Indiana4,2025-12-31,Evening,909,099,15,0,due_doubles_mirror_single:Midday:seed=002,due_doubles_mirror_single,Midday,BOX,6,6,1,0,0,0,0,0
2026-01-01,sharepacks,tool_only,sharepacks/2026-01-01/Indiana4/candidate_universe__tool_only__dr004_v2_k3.json,Indiana4,2025-12-31,Evening,909,099,15,0,hot_zones_top_triads,hot_zones_top,Unknown,STRAIGHT,8,8,1,0,0,0,0,0
2026-01-01,sharepacks,tool_only,sharepacks/2026-01-01/Indiana4/candidate_universe__tool_only__dr004_v2_k3.json,Indiana4,2025-12-31,Evening,909,099,15,0,mirror_pair_closure:pair=0/5,mirror_pair_closure,Unknown,BOX,18,18,1,0,0,0,0,0
2026-01-01,sharepacks,tool_only,sharepacks/2026-01-01/Indiana4/candidate_universe__tool_only__dr004_v2_k3.json,Indiana4,2025-12-31,Evening,909,099,15,0,mirror_pair_closure:pair=1/6,mirror_pair_closure,Unknown,BOX,18,18,1,0,0,0,0,0
2026-01-01,sharepacks,tool_only,sharepacks/2026-01-01/Indiana4/candidate_universe__tool_only__dr004_v2_k3.json,Indiana4,2025-12-31,Evening,909,099,15,0,stable_top:Combined,stable_top,Combined,BOX,9,9,1,0,0,0,0,0
2026-01-01,sharepacks,tool_only,sharepacks/2026-01-01/Indiana4/candidate_universe__tool_only__dr004_v2_k3.json,Indiana4,2025-12-31,Evening,909,099,15,0,stable_top:Evening,stable_top,Evening,BOX,9,9,1,0,0,0,0,0
2026-01-01,sharepacks,tool_only,sharepacks/2026-01-01/Indiana4/candidate_universe__tool_only__dr004_v2_k3.json,Indiana4,2025-12-31,Evening,909,099,15,0,stable_top:Midday,stable_top,Midday,BOX,9,9,1,0,0,0,0,0
2026-01-01,sharepacks,tool_only,sharepacks/2026-01-01/Indiana4/candidate_universe__tool_only__dr004_v2_k3.json,Indiana4,2025-12-31,Evening,909,099,15,0,vtrac_top_straights,vtrac_enhanced_top,Unknown,STRAIGHT,8,8,1,0,0,0,0,0
2026-01-01,sharepacks,tool_only,sharepacks/2026-01-01/Indiana4/candidate_universe__tool_only__dr004_v2_k3.json,Indiana4,2025-12-31,Midday,474,447,31,0,__UNION__,union,Unknown,MIXED,198,198,1,0,0,0,1,1
2026-01-01,sharepacks,tool_only,sharepacks/2026-01-01/Indiana4/candidate_universe__tool_only__dr004_v2_k3.json,Indiana4,2025-12-31,Midday,474,447,31,0,aux_positional_shortlist,aux_positional,Unknown,STRAIGHT,10,10,1,0,0,0,0,0
2026-01-01,sharepacks,tool_only,sharepacks/2026-01-01/Indiana4/candidate_universe__tool_only__dr004_v2_k3.json,Indiana4,2025-12-31,Midday,474,447,31,0,aux_vtrac_index_overdue:Combined:idx=16,aux_vtrac_index_overdue,Combined,STRAIGHT,6,6,1,0,0,0,0,0
2026-01-01,sharepacks,tool_only,sharepacks/2026-01-01/Indiana4/candidate_universe__tool_only__dr004_v2_k3.json,Indiana4,2025-12-31,Midday,474,447,31,0,aux_vtrac_index_overdue:Combined:idx=28,aux_vtrac_index_overdue,Combined,STRAIGHT,24,24,1,0,0,0,0,0
2026-01-01,sharepacks,tool_only,sharepacks/2026-01-01/Indiana4/candidate_universe__tool_only__dr004_v2_k3.json,Indiana4,2025-12-31,Midday,474,447,31,0,aux_vtrac_index_overdue:Evening:idx=16,aux_vtrac_index_overdue,Evening,STRAIGHT,6,6,1,0,0,0,0,0
2026-01-01,sharepacks,tool_only,sharepacks/2026-01-01/Indiana4/candidate_universe__tool_only__dr004_v2_k3.json,Indiana4,2025-12-31,Midday,474,447,31,0,aux_vtrac_index_overdue:Evening:idx=23,aux_vtrac_index_overdue,Evening,STRAIGHT,24,24,1,0,0,0,0,0
2026-01-01,sharepacks,tool_only,sharepacks/2026-01-01/Indiana4/candidate_universe__tool_only__dr004_v2_k3.json,Indiana4,2025-12-31,Midday,474,447,31,0,aux_vtrac_index_overdue:Midday:idx=1,aux_vtrac_index_overdue,Midday,STRAIGHT,6,6,1,0,0,0,0,0
2026-01-01,sharepacks,tool_only,sharepacks/2026-01-01/Indiana4/candidate_universe__tool_only__dr004_v2_k3.json,Indiana4,2025-12-31,Midday,474,447,31,0,aux_vtrac_index_overdue:Midday:idx=16,aux_vtrac_index_overdue,Midday,STRAIGHT,6,6,1,0,0,0,0,0
2026-01-01,sharepacks,tool_only,sharepacks/2026-01-01/Indiana4/candidate_universe__tool_only__dr004_v2_k3.json,Indiana4,2025-12-31,Midday,474,447,31,0,combo_pack:PackA_vt8:seed=026,PackA_vt8,Unknown,STRAIGHT,8,8,1,0,0,0,0,0
2026-01-01,sharepacks,tool_only,sharepacks/2026-01-01/Indiana4/candidate_universe__tool_only__dr004_v2_k3.json,Indiana4,2025-12-31,Midday,474,447,31,0,combo_pack:PackB_mirror3rd:seed=026,PackB_mirror3rd,Unknown,STRAIGHT,12,12,1,0,0,0,0,0
2026-01-01,sharepacks,tool_only,sharepacks/2026-01-01/Indiana4/candidate_universe__tool_only__dr004_v2_k3.json,Indiana4,2025-12-31,Midday,474,447,31,0,combo_pack:R-perm-4:envelope,R-perm-4,Unknown,STRAIGHT,16,16,1,0,0,0,0,0
2026-01-01,sharepacks,tool_only,sharepacks/2026-01-01/Indiana4/candidate_universe__tool_only__dr004_v2_k3.json,Indiana4,2025-12-31,Midday,474,447,31,0,combo_pack:consensus_double_9:trigger=6:keys=207,consensus_double_9,Unknown,MIXED,9,9,1,0,0,0,0,0
2026-01-01,sharepacks,tool_only,sharepacks/2026-01-01/Indiana4/candidate_universe__tool_only__dr004_v2_k3.json,Indiana4,2025-12-31,Midday,474,447,31,0,digit_reduction_dr004:Combined:top3,digit_reduction_dr004,Combined,BOX,13,13,1,0,0,0,0,0
2026-01-01,sharepacks,tool_only,sharepacks/2026-01-01/Indiana4/candidate_universe__tool_only__dr004_v2_k3.json,Indiana4,2025-12-31,Midday,474,447,31,0,digit_reduction_dr004:Evening:top3,digit_reduction_dr004,Evening,BOX,10,10,1,0,0,0,0,0
2026-01-01,sharepacks,tool_only,sharepacks/2026-01-01/Indiana4/candidate_universe__tool_only__dr004_v2_k3.json,Indiana4,2025-12-31,Midday,474,447,31,0,digit_reduction_dr004:Midday:top3,digit_reduction_dr004,Midday,BOX,13,13,1,0,0,0,0,0
2026-01-01,sharepacks,tool_only,sharepacks/2026-01-01/Indiana4/candidate_universe__tool_only__dr004_v2_k3.json,Indiana4,2025-12-31,Midday,474,447,31,0,due_doubles:Combined,due_doubles,Combined,BOX,12,12,1,0,0,0,0,0
2026-01-01,sharepacks,tool_only,sharepacks/2026-01-01/Indiana4/candidate_universe__tool_only__dr004_v2_k3.json,Indiana4,2025-12-31,Midday,474,447,31,0,due_doubles:Evening,due_doubles,Evening,BOX,12,12,1,0,0,0,0,0
2026-01-01,sharepacks,tool_only,sharepacks/2026-01-01/Indiana4/candidate_universe__tool_only__dr004_v2_k3.json,Indiana4,2025-12-31,Midday,474,447,31,0,due_doubles:Midday,due_doubles,Midday,BOX,12,12,1,0,0,0,0,0
2026-01-01,sharepacks,tool_only,sharepacks/2026-01-01/Indiana4/candidate_universe__tool_only__dr004_v2_k3.json,Indiana4,2025-12-31,Midday,474,447,31,0,due_doubles_mirror_double:Combined:seed=002,due_doubles_mirror_double,Combined,BOX,6,6,1,0,0,0,0,0
2026-01-01,sharepacks,tool_only,sharepacks/2026-01-01/Indiana4/candidate_universe__tool_only__dr004_v2_k3.json,Indiana4,2025-12-31,Midday,474,447,31,0,due_doubles_mirror_double:Evening:seed=002,due_doubles_mirror_double,Evening,BOX,6,6,1,0,0,0,0,0
2026-01-01,sharepacks,tool_only,sharepacks/2026-01-01/Indiana4/candidate_universe__tool_only__dr004_v2_k3.json,Indiana4,2025-12-31,Midday,474,447,31,0,due_doubles_mirror_double:Midday:seed=002,due_doubles_mirror_double,Midday,BOX,6,6,1,0,0,0,0,0
2026-01-01,sharepacks,tool_only,sharepacks/2026-01-01/Indiana4/candidate_universe__tool_only__dr004_v2_k3.json,Indiana4,2025-12-31,Midday,474,447,31,0,due_doubles_mirror_single:Combined:seed=002,due_doubles_mirror_single,Combined,BOX,6,6,1,0,0,0,0,0
2026-01-01,sharepacks,tool_only,sharepacks/2026-01-01/Indiana4/candidate_universe__tool_only__dr004_v2_k3.json,Indiana4,2025-12-31,Midday,474,447,31,0,due_doubles_mirror_single:Evening:seed=002,due_doubles_mirror_single,Evening,BOX,6,6,1,0,0,0,0,0
2026-01-01,sharepacks,tool_only,sharepacks/2026-01-01/Indiana4/candidate_universe__tool_only__dr004_v2_k3.json,Indiana4,2025-12-31,Midday,474,447,31,0,due_doubles_mirror_single:Midday:seed=002,due_doubles_mirror_single,Midday,BOX,6,6,1,0,0,0,0,0
2026-01-01,sharepacks,tool_only,sharepacks/2026-01-01/Indiana4/candidate_universe__tool_only__dr004_v2_k3.json,Indiana4,2025-12-31,Midday,474,447,31,0,hot_zones_top_triads,hot_zones_top,Unknown,STRAIGHT,8,8,1,0,0,0,0,0
2026-01-01,sharepacks,tool_only,sharepacks/2026-01-01/Indiana4/candidate_universe__tool_only__dr004_v2_k3.json,Indiana4,2025-12-31,Midday,474,447,31,0,mirror_pair_closure:pair=0/5,mirror_pair_closure,Unknown,BOX,18,18,1,0,0,0,0,0
2026-01-01,sharepacks,tool_only,sharepacks/2026-01-01/Indiana4/candidate_universe__tool_only__dr004_v2_k3.json,Indiana4,2025-12-31,Midday,474,447,31,0,mirror_pair_closure:pair=1/6,mirror_pair_closure,Unknown,BOX,18,18,1,0,0,0,0,0
2026-01-01,sharepacks,tool_only,sharepacks/2026-01-01/Indiana4/candidate_universe__tool_only__dr004_v2_k3.json,Indiana4,2025-12-31,Midday,474,447,31,0,stable_top:Combined,stable_top,Combined,BOX,9,9,1,0,0,0,0,0
2026-01-01,sharepacks,tool_only,sharepacks/2026-01-01/Indiana4/candidate_universe__tool_only__dr004_v2_k3.json,Indiana4,2025-12-31,Midday,474,447,31,0,stable_top:Evening,stable_top,Evening,BOX,9,9,1,0,0,0,1,1
2026-01-01,sharepacks,tool_only,sharepacks/2026-01-01/Indiana4/candidate_universe__tool_only__dr004_v2_k3.json,Indiana4,2025-12-31,Midday,474,447,31,0,stable_top:Midday,stable_top,Midday,BOX,9,9,1,0,0,0,0,0
2026-01-01,sharepacks,tool_only,sharepacks/2026-01-01/Indiana4/candidate_universe__tool_only__dr004_v2_k3.json,Indiana4,2025-12-31,Midday,474,447,31,0,vtrac_top_straights,vtrac_enhanced_top,Unknown,STRAIGHT,8,8,1,0,0,0,0,0
2026-01-01,sharepacks,tool_only,sharepacks/2026-01-01/Michigan4/candidate_universe__tool_only__dr004_v2_k3.json,Michigan4,2025-12-31,Evening,204,024,12,0,__UNION__,union,Unknown,MIXED,182,182,1,0,0,0,1,1
2026-01-01,sharepacks,tool_only,sharepacks/2026-01-01/Michigan4/candidate_universe__tool_only__dr004_v2_k3.json,Michigan4,2025-12-31,Evening,204,024,12,0,aux_positional_shortlist,aux_positional,Unknown,STRAIGHT,10,10,1,0,0,0,0,0
2026-01-01,sharepacks,tool_only,sharepacks/2026-01-01/Michigan4/candidate_universe__tool_only__dr004_v2_k3.json,Michigan4,2025-12-31,Evening,204,024,12,0,aux_vtrac_index_overdue:Combined:idx=32,aux_vtrac_index_overdue,Combined,STRAIGHT,6,6,1,0,0,0,0,0
2026-01-01,sharepacks,tool_only,sharepacks/2026-01-01/Michigan4/candidate_universe__tool_only__dr004_v2_k3.json,Michigan4,2025-12-31,Evening,204,024,12,0,aux_vtrac_index_overdue:Combined:idx=35,aux_vtrac_index_overdue,Combined,STRAIGHT,6,6,1,0,0,0,0,0
2026-01-01,sharepacks,tool_only,sharepacks/2026-01-01/Michigan4/candidate_universe__tool_only__dr004_v2_k3.json,Michigan4,2025-12-31,Evening,204,024,12,0,aux_vtrac_index_overdue:Evening:idx=32,aux_vtrac_index_overdue,Evening,STRAIGHT,6,6,1,0,0,0,0,0
2026-01-01,sharepacks,tool_only,sharepacks/2026-01-01/Michigan4/candidate_universe__tool_only__dr004_v2_k3.json,Michigan4,2025-12-31,Evening,204,024,12,0,aux_vtrac_index_overdue:Evening:idx=35,aux_vtrac_index_overdue,Evening,STRAIGHT,6,6,1,0,0,0,0,0
2026-01-01,sharepacks,tool_only,sharepacks/2026-01-01/Michigan4/candidate_universe__tool_only__dr004_v2_k3.json,Michigan4,2025-12-31,Evening,204,024,12,0,aux_vtrac_index_overdue:Midday:idx=26,aux_vtrac_index_overdue,Midday,STRAIGHT,6,6,1,0,0,0,0,0
2026-01-01,sharepacks,tool_only,sharepacks/2026-01-01/Michigan4/candidate_universe__tool_only__dr004_v2_k3.json,Michigan4,2025-12-31,Evening,204,024,12,0,aux_vtrac_index_overdue:Midday:idx=35,aux_vtrac_index_overdue,Midday,STRAIGHT,6,6,1,0,0,0,0,0
2026-01-01,sharepacks,tool_only,sharepacks/2026-01-01/Michigan4/candidate_universe__tool_only__dr004_v2_k3.json,Michigan4,2025-12-31,Evening,204,024,12,0,combo_pack:PackA_vt8:seed=125,PackA_vt8,Unknown,STRAIGHT,8,8,1,0,0,0,0,0
2026-01-01,sharepacks,tool_only,sharepacks/2026-01-01/Michigan4/candidate_universe__tool_only__dr004_v2_k3.json,Michigan4,2025-12-31,Evening,204,024,12,0,combo_pack:PackB_mirror3rd:seed=125,PackB_mirror3rd,Unknown,STRAIGHT,12,12,1,0,0,0,0,0
2026-01-01,sharepacks,tool_only,sharepacks/2026-01-01/Michigan4/candidate_universe__tool_only__dr004_v2_k3.json,Michigan4,2025-12-31,Evening,204,024,12,0,combo_pack:R-perm-4:envelope,R-perm-4,Unknown,STRAIGHT,16,16,1,0,0,0,1,1
2026-01-01,sharepacks,tool_only,sharepacks/2026-01-01/Michigan4/candidate_universe__tool_only__dr004_v2_k3.json,Michigan4,2025-12-31,Evening,204,024,12,0,combo_pack:consensus_double_9:trigger=5:keys=192,consensus_double_9,Unknown,MIXED,9,9,1,0,0,0,0,0
2026-01-01,sharepacks,tool_only,sharepacks/2026-01-01/Michigan4/candidate_universe__tool_only__dr004_v2_k3.json,Michigan4,2025-12-31,Evening,204,024,12,0,digit_reduction_dr004:Combined:top3,digit_reduction_dr004,Combined,BOX,13,13,1,0,0,0,0,0
2026-01-01,sharepacks,tool_only,sharepacks/2026-01-01/Michigan4/candidate_universe__tool_only__dr004_v2_k3.json,Michigan4,2025-12-31,Evening,204,024,12,0,digit_reduction_dr004:Evening:top3,digit_reduction_dr004,Evening,BOX,8,8,1,0,0,0,0,0
2026-01-01,sharepacks,tool_only,sharepacks/2026-01-01/Michigan4/candidate_universe__tool_only__dr004_v2_k3.json,Michigan4,2025-12-31,Evening,204,024,12,0,digit_reduction_dr004:Midday:top3,digit_reduction_dr004,Midday,BOX,10,10,1,0,0,0,0,0
2026-01-01,sharepacks,tool_only,sharepacks/2026-01-01/Michigan4/candidate_universe__tool_only__dr004_v2_k3.json,Michigan4,2025-12-31,Evening,204,024,12,0,due_doubles:Combined,due_doubles,Combined,BOX,12,12,1,0,0,0,0,0
2026-01-01,sharepacks,tool_only,sharepacks/2026-01-01/Michigan4/candidate_universe__tool_only__dr004_v2_k3.json,Michigan4,2025-12-31,Evening,204,024,12,0,due_doubles:Evening,due_doubles,Evening,BOX,12,12,1,0,0,0,0,0
2026-01-01,sharepacks,tool_only,sharepacks/2026-01-01/Michigan4/candidate_universe__tool_only__dr004_v2_k3.json,Michigan4,2025-12-31,Evening,204,024,12,0,due_doubles:Midday,due_doubles,Midday,BOX,12,12,1,0,0,0,0,0
2026-01-01,sharepacks,tool_only,sharepacks/2026-01-01/Michigan4/candidate_universe__tool_only__dr004_v2_k3.json,Michigan4,2025-12-31,Evening,204,024,12,0,due_doubles_mirror_double:Combined:seed=112,due_doubles_mirror_double,Combined,BOX,6,6,1,0,0,0,0,0
2026-01-01,sharepacks,tool_only,sharepacks/2026-01-01/Michigan4/candidate_universe__tool_only__dr004_v2_k3.json,Michigan4,2025-12-31,Evening,204,024,12,0,due_doubles_mirror_double:Evening:seed=112,due_doubles_mirror_double,Evening,BOX,6,6,1,0,0,0,0,0
2026-01-01,sharepacks,tool_only,sharepacks/2026-01-01/Michigan4/candidate_universe__tool_only__dr004_v2_k3.json,Michigan4,2025-12-31,Evening,204,024,12,0,due_doubles_mirror_double:Midday:seed=112,due_doubles_mirror_double,Midday,BOX,6,6,1,0,0,0,0,0
2026-01-01,sharepacks,tool_only,sharepacks/2026-01-01/Michigan4/candidate_universe__tool_only__dr004_v2_k3.json,Michigan4,2025-12-31,Evening,204,024,12,0,due_doubles_mirror_single:Combined:seed=112,due_doubles_mirror_single,Combined,BOX,6,6,1,0,0,0,0,0
2026-01-01,sharepacks,tool_only,sharepacks/2026-01-01/Michigan4/candidate_universe__tool_only__dr004_v2_k3.json,Michigan4,2025-12-31,Evening,204,024,12,0,due_doubles_mirror_single:Evening:seed=112,due_doubles_mirror_single,Evening,BOX,6,6,1,0,0,0,0,0
2026-01-01,sharepacks,tool_only,sharepacks/2026-01-01/Michigan4/candidate_universe__tool_only__dr004_v2_k3.json,Michigan4,2025-12-31,Evening,204,024,12,0,due_doubles_mirror_single:Midday:seed=112,due_doubles_mirror_single,Midday,BOX,6,6,1,0,0,0,0,0
2026-01-01,sharepacks,tool_only,sharepacks/2026-01-01/Michigan4/candidate_universe__tool_only__dr004_v2_k3.json,Michigan4,2025-12-31,Evening,204,024,12,0,hot_zones_top_triads,hot_zones_top,Unknown,STRAIGHT,8,8,1,0,0,0,0,0
2026-01-01,sharepacks,tool_only,sharepacks/2026-01-01/Michigan4/candidate_universe__tool_only__dr004_v2_k3.json,Michigan4,2025-12-31,Evening,204,024,12,0,mirror_pair_closure:pair=0/5,mirror_pair_closure,Unknown,BOX,18,18,1,0,0,0,0,0
2026-01-01,sharepacks,tool_only,sharepacks/2026-01-01/Michigan4/candidate_universe__tool_only__dr004_v2_k3.json,Michigan4,2025-12-31,Evening,204,024,12,0,mirror_pair_closure:pair=3/8,mirror_pair_closure,Unknown,BOX,18,18,1,0,0,0,0,0
2026-01-01,sharepacks,tool_only,sharepacks/2026-01-01/Michigan4/candidate_universe__tool_only__dr004_v2_k3.json,Michigan4,2025-12-31,Evening,204,024,12,0,stable_top:Combined,stable_top,Combined,BOX,12,12,1,0,0,0,0,0
2026-01-01,sharepacks,tool_only,sharepacks/2026-01-01/Michigan4/candidate_universe__tool_only__dr004_v2_k3.json,Michigan4,2025-12-31,Evening,204,024,12,0,stable_top:Evening,stable_top,Evening,BOX,9,9,1,0,0,0,0,0
2026-01-01,sharepacks,tool_only,sharepacks/2026-01-01/Michigan4/candidate_universe__tool_only__dr004_v2_k3.json,Michigan4,2025-12-31,Evening,204,024,12,0,stable_top:Midday,stable_top,Midday,BOX,9,9,1,0,0,0,0,0
2026-01-01,sharepacks,tool_only,sharepacks/2026-01-01/Michigan4/candidate_universe__tool_only__dr004_v2_k3.json,Michigan4,2025-12-31,Evening,204,024,12,0,vtrac_top_straights,vtrac_enhanced_top,Unknown,STRAIGHT,8,8,1,0,0,0,0,0
2026-01-01,sharepacks,tool_only,sharepacks/2026-01-01/Michigan4/candidate_universe__tool_only__dr004_v2_k3.json,Michigan4,2025-12-31,Midday,032,023,11,0,__UNION__,union,Unknown,MIXED,182,182,1,0,0,0,0,0
2026-01-01,sharepacks,tool_only,sharepacks/2026-01-01/Michigan4/candidate_universe__tool_only__dr004_v2_k3.json,Michigan4,2025-12-31,Midday,032,023,11,0,aux_positional_shortlist,aux_positional,Unknown,STRAIGHT,10,10,1,0,0,0,0,0
2026-01-01,sharepacks,tool_only,sharepacks/2026-01-01/Michigan4/candidate_universe__tool_only__dr004_v2_k3.json,Michigan4,2025-12-31,Midday,032,023,11,0,aux_vtrac_index_overdue:Combined:idx=32,aux_vtrac_index_overdue,Combined,STRAIGHT,6,6,1,0,0,0,0,0
2026-01-01,sharepacks,tool_only,sharepacks/2026-01-01/Michigan4/candidate_universe__tool_only__dr004_v2_k3.json,Michigan4,2025-12-31,Midday,032,023,11,0,aux_vtrac_index_overdue:Combined:idx=35,aux_vtrac_index_overdue,Combined,STRAIGHT,6,6,1,0,0,0,0,0
2026-01-01,sharepacks,tool_only,sharepacks/2026-01-01/Michigan4/candidate_universe__tool_only__dr004_v2_k3.json,Michigan4,2025-12-31,Midday,032,023,11,0,aux_vtrac_index_overdue:Evening:idx=32,aux_vtrac_index_overdue,Evening,STRAIGHT,6,6,1,0,0,0,0,0
2026-01-01,sharepacks,tool_only,sharepacks/2026-01-01/Michigan4/candidate_universe__tool_only__dr004_v2_k3.json,Michigan4,2025-12-31,Midday,032,023,11,0,aux_vtrac_index_overdue:Evening:idx=35,aux_vtrac_index_overdue,Evening,STRAIGHT,6,6,1,0,0,0,0,0
2026-01-01,sharepacks,tool_only,sharepacks/2026-01-01/Michigan4/candidate_universe__tool_only__dr004_v2_k3.json,Michigan4,2025-12-31,Midday,032,023,11,0,aux_vtrac_index_overdue:Midday:idx=26,aux_vtrac_index_overdue,Midday,STRAIGHT,6,6,1,0,0,0,0,0
2026-01-01,sharepacks,tool_only,sharepacks/2026-01-01/Michigan4/candidate_universe__tool_only__dr004_v2_k3.json,Michigan4,2025-12-31,Midday,032,023,11,0,aux_vtrac_index_overdue:Midday:idx=35,aux_vtrac_index_overdue,Midday,STRAIGHT,6,6,1,0,0,0,0,0
2026-01-01,sharepacks,tool_only,sharepacks/2026-01-01/Michigan4/candidate_universe__tool_only__dr004_v2_k3.json,Michigan4,2025-12-31,Midday,032,023,11,0,combo_pack:PackA_vt8:seed=125,PackA_vt8,Unknown,STRAIGHT,8,8,1,0,0,0,0,0
2026-01-01,sharepacks,tool_only,sharepacks/2026-01-01/Michigan4/candidate_universe__tool_only__dr004_v2_k3.json,Michigan4,2025-12-31,Midday,032,023,11,0,combo_pack:PackB_mirror3rd:seed=125,PackB_mirror3rd,Unknown,STRAIGHT,12,12,1,0,0,0,0,0
2026-01-01,sharepacks,tool_only,sharepacks/2026-01-01/Michigan4/candidate_universe__tool_only__dr004_v2_k3.json,Michigan4,2025-12-31,Midday,032,023,11,0,combo_pack:R-perm-4:envelope,R-perm-4,Unknown,STRAIGHT,16,16,1,0,0,0,0,0
2026-01-01,sharepacks,tool_only,sharepacks/2026-01-01/Michigan4/candidate_universe__tool_only__dr004_v2_k3.json,Michigan4,2025-12-31,Midday,032,023,11,0,combo_pack:consensus_double_9:trigger=5:keys=192,consensus_double_9,Unknown,MIXED,9,9,1,0,0,0,0,0
2026-01-01,sharepacks,tool_only,sharepacks/2026-01-01/Michigan4/candidate_universe__tool_only__dr004_v2_k3.json,Michigan4,2025-12-31,Midday,032,023,11,0,digit_reduction_dr004:Combined:top3,digit_reduction_dr004,Combined,BOX,13,13,1,0,0,0,0,0
2026-01-01,sharepacks,tool_only,sharepacks/2026-01-01/Michigan4/candidate_universe__tool_only__dr004_v2_k3.json,Michigan4,2025-12-31,Midday,032,023,11,0,digit_reduction_dr004:Evening:top3,digit_reduction_dr004,Evening,BOX,8,8,1,0,0,0,0,0
2026-01-01,sharepacks,tool_only,sharepacks/2026-01-01/Michigan4/candidate_universe__tool_only__dr004_v2_k3.json,Michigan4,2025-12-31,Midday,032,023,11,0,digit_reduction_dr004:Midday:top3,digit_reduction_dr004,Midday,BOX,10,10,1,0,0,0,0,0
2026-01-01,sharepacks,tool_only,sharepacks/2026-01-01/Michigan4/candidate_universe__tool_only__dr004_v2_k3.json,Michigan4,2025-12-31,Midday,032,023,11,0,due_doubles:Combined,due_doubles,Combined,BOX,12,12,1,0,0,0,0,0
2026-01-01,sharepacks,tool_only,sharepacks/2026-01-01/Michigan4/candidate_universe__tool_only__dr004_v2_k3.json,Michigan4,2025-12-31,Midday,032,023,11,0,due_doubles:Evening,due_doubles,Evening,BOX,12,12,1,0,0,0,0,0
2026-01-01,sharepacks,tool_only,sharepacks/2026-01-01/Michigan4/candidate_universe__tool_only__dr004_v2_k3.json,Michigan4,2025-12-31,Midday,032,023,11,0,due_doubles:Midday,due_doubles,Midday,BOX,12,12,1,0,0,0,0,0
2026-01-01,sharepacks,tool_only,sharepacks/2026-01-01/Michigan4/candidate_universe__tool_only__dr004_v2_k3.json,Michigan4,2025-12-31,Midday,032,023,11,0,due_doubles_mirror_double:Combined:seed=112,due_doubles_mirror_double,Combined,BOX,6,6,1,0,0,0,0,0
2026-01-01,sharepacks,tool_only,sharepacks/2026-01-01/Michigan4/candidate_universe__tool_only__dr004_v2_k3.json,Michigan4,2025-12-31,Midday,032,023,11,0,due_doubles_mirror_double:Evening:seed=112,due_doubles_mirror_double,Evening,BOX,6,6,1,0,0,0,0,0
2026-01-01,sharepacks,tool_only,sharepacks/2026-01-01/Michigan4/candidate_universe__tool_only__dr004_v2_k3.json,Michigan4,2025-12-31,Midday,032,023,11,0,due_doubles_mirror_double:Midday:seed=112,due_doubles_mirror_double,Midday,BOX,6,6,1,0,0,0,0,0
2026-01-01,sharepacks,tool_only,sharepacks/2026-01-01/Michigan4/candidate_universe__tool_only__dr004_v2_k3.json,Michigan4,2025-12-31,Midday,032,023,11,0,due_doubles_mirror_single:Combined:seed=112,due_doubles_mirror_single,Combined,BOX,6,6,1,0,0,0,0,0
2026-01-01,sharepacks,tool_only,sharepacks/2026-01-01/Michigan4/candidate_universe__tool_only__dr004_v2_k3.json,Michigan4,2025-12-31,Midday,032,023,11,0,due_doubles_mirror_single:Evening:seed=112,due_doubles_mirror_single,Evening,BOX,6,6,1,0,0,0,0,0
2026-01-01,sharepacks,tool_only,sharepacks/2026-01-01/Michigan4/candidate_universe__tool_only__dr004_v2_k3.json,Michigan4,2025-12-31,Midday,032,023,11,0,due_doubles_mirror_single:Midday:seed=112,due_doubles_mirror_single,Midday,BOX,6,6,1,0,0,0,0,0
2026-01-01,sharepacks,tool_only,sharepacks/2026-01-01/Michigan4/candidate_universe__tool_only__dr004_v2_k3.json,Michigan4,2025-12-31,Midday,032,023,11,0,hot_zones_top_triads,hot_zones_top,Unknown,STRAIGHT,8,8,1,0,0,0,0,0
2026-01-01,sharepacks,tool_only,sharepacks/2026-01-01/Michigan4/candidate_universe__tool_only__dr004_v2_k3.json,Michigan4,2025-12-31,Midday,032,023,11,0,mirror_pair_closure:pair=0/5,mirror_pair_closure,Unknown,BOX,18,18,1,0,0,0,0,0
2026-01-01,sharepacks,tool_only,sharepacks/2026-01-01/Michigan4/candidate_universe__tool_only__dr004_v2_k3.json,Michigan4,2025-12-31,Midday,032,023,11,0,mirror_pair_closure:pair=3/8,mirror_pair_closure,Unknown,BOX,18,18,1,0,0,0,0,0
2026-01-01,sharepacks,tool_only,sharepacks/2026-01-01/Michigan4/candidate_universe__tool_only__dr004_v2_k3.json,Michigan4,2025-12-31,Midday,032,023,11,0,stable_top:Combined,stable_top,Combined,BOX,12,12,1,0,0,0,0,0
2026-01-01,sharepacks,tool_only,sharepacks/2026-01-01/Michigan4/candidate_universe__tool_only__dr004_v2_k3.json,Michigan4,2025-12-31,Midday,032,023,11,0,stable_top:Evening,stable_top,Evening,BOX,9,9,1,0,0,0,0,0
2026-01-01,sharepacks,tool_only,sharepacks/2026-01-01/Michigan4/candidate_universe__tool_only__dr004_v2_k3.json,Michigan4,2025-12-31,Midday,032,023,11,0,stable_top:Midday,stable_top,Midday,BOX,9,9,1,0,0,0,0,0
2026-01-01,sharepacks,tool_only,sharepacks/2026-01-01/Michigan4/candidate_universe__tool_only__dr004_v2_k3.json,Michigan4,2025-12-31,Midday,032,023,11,0,vtrac_top_straights,vtrac_enhanced_top,Unknown,STRAIGHT,8,8,1,0,0,0,0,0
2026-01-01,sharepacks,tool_only,sharepacks/2026-01-01/NewJersey4/candidate_universe__tool_only__dr004_v2_k3.json,NewJersey4,2025-12-31,Evening,504,045,5,0,__UNION__,union,Unknown,MIXED,151,151,1,0,0,0,0,0
2026-01-01,sharepacks,tool_only,sharepacks/2026-01-01/NewJersey4/candidate_universe__tool_only__dr004_v2_k3.json,NewJersey4,2025-12-31,Evening,504,045,5,0,aux_positional_shortlist,aux_positional,Unknown,STRAIGHT,10,10,1,0,0,0,0,0
2026-01-01,sharepacks,tool_only,sharepacks/2026-01-01/NewJersey4/candidate_universe__tool_only__dr004_v2_k3.json,NewJersey4,2025-12-31,Evening,504,045,5,0,aux_vtrac_index_overdue:Combined:idx=26,aux_vtrac_index_overdue,Combined,STRAIGHT,6,6,1,0,0,0,0,0
2026-01-01,sharepacks,tool_only,sharepacks/2026-01-01/NewJersey4/candidate_universe__tool_only__dr004_v2_k3.json,NewJersey4,2025-12-31,Evening,504,045,5,0,aux_vtrac_index_overdue:Combined:idx=35,aux_vtrac_index_overdue,Combined,STRAIGHT,6,6,1,0,0,0,0,0
2026-01-01,sharepacks,tool_only,sharepacks/2026-01-01/NewJersey4/candidate_universe__tool_only__dr004_v2_k3.json,NewJersey4,2025-12-31,Evening,504,045,5,0,aux_vtrac_index_overdue:Evening:idx=26,aux_vtrac_index_overdue,Evening,STRAIGHT,6,6,1,0,0,0,0,0
2026-01-01,sharepacks,tool_only,sharepacks/2026-01-01/NewJersey4/candidate_universe__tool_only__dr004_v2_k3.json,NewJersey4,2025-12-31,Evening,504,045,5,0,aux_vtrac_index_overdue:Evening:idx=35,aux_vtrac_index_overdue,Evening,STRAIGHT,6,6,1,0,0,0,0,0
2026-01-01,sharepacks,tool_only,sharepacks/2026-01-01/NewJersey4/candidate_universe__tool_only__dr004_v2_k3.json,NewJersey4,2025-12-31,Evening,504,045,5,0,aux_vtrac_index_overdue:Midday:idx=1,aux_vtrac_index_overdue,Midday,STRAIGHT,6,6,1,0,0,0,0,0
2026-01-01,sharepacks,tool_only,sharepacks/2026-01-01/NewJersey4/candidate_universe__tool_only__dr004_v2_k3.json,NewJersey4,2025-12-31,Evening,504,045,5,0,aux_vtrac_index_overdue:Midday:idx=26,aux_vtrac_index_overdue,Midday,STRAIGHT,6,6,1,0,0,0,0,0
2026-01-01,sharepacks,tool_only,sharepacks/2026-01-01/NewJersey4/candidate_universe__tool_only__dr004_v2_k3.json,NewJersey4,2025-12-31,Evening,504,045,5,0,combo_pack:PackA_vt8:seed=027,PackA_vt8,Unknown,STRAIGHT,8,8,1,0,0,0,0,0
2026-01-01,sharepacks,tool_only,sharepacks/2026-01-01/NewJersey4/candidate_universe__tool_only__dr004_v2_k3.json,NewJersey4,2025-12-31,Evening,504,045,5,0,combo_pack:PackB_mirror3rd:seed=027,PackB_mirror3rd,Unknown,STRAIGHT,8,8,1,0,0,0,0,0
2026-01-01,sharepacks,tool_only,sharepacks/2026-01-01/NewJersey4/candidate_universe__tool_only__dr004_v2_k3.json,NewJersey4,2025-12-31,Evening,504,045,5,0,combo_pack:R-perm-4:envelope,R-perm-4,Unknown,STRAIGHT,16,16,1,0,0,0,0,0
2026-01-01,sharepacks,tool_only,sharepacks/2026-01-01/NewJersey4/candidate_universe__tool_only__dr004_v2_k3.json,NewJersey4,2025-12-31,Evening,504,045,5,0,combo_pack:consensus_double_9:trigger=8:keys=297,consensus_double_9,Unknown,MIXED,9,9,1,0,0,0,0,0
2026-01-01,sharepacks,tool_only,sharepacks/2026-01-01/NewJersey4/candidate_universe__tool_only__dr004_v2_k3.json,NewJersey4,2025-12-31,Evening,504,045,5,0,digit_reduction_dr004:Combined:top3,digit_reduction_dr004,Combined,BOX,12,12,1,0,0,0,0,0
2026-01-01,sharepacks,tool_only,sharepacks/2026-01-01/NewJersey4/candidate_universe__tool_only__dr004_v2_k3.json,NewJersey4,2025-12-31,Evening,504,045,5,0,digit_reduction_dr004:Evening:top3,digit_reduction_dr004,Evening,BOX,13,13,1,0,0,0,0,0
2026-01-01,sharepacks,tool_only,sharepacks/2026-01-01/NewJersey4/candidate_universe__tool_only__dr004_v2_k3.json,NewJersey4,2025-12-31,Evening,504,045,5,0,digit_reduction_dr004:Midday:top3,digit_reduction_dr004,Midday,BOX,13,13,1,0,0,0,0,0
2026-01-01,sharepacks,tool_only,sharepacks/2026-01-01/NewJersey4/candidate_universe__tool_only__dr004_v2_k3.json,NewJersey4,2025-12-31,Evening,504,045,5,0,due_doubles:Combined,due_doubles,Combined,BOX,12,12,1,0,0,0,0,0
2026-01-01,sharepacks,tool_only,sharepacks/2026-01-01/NewJersey4/candidate_universe__tool_only__dr004_v2_k3.json,NewJersey4,2025-12-31,Evening,504,045,5,0,due_doubles:Evening,due_doubles,Evening,BOX,12,12,1,0,0,0,0,0
2026-01-01,sharepacks,tool_only,sharepacks/2026-01-01/NewJersey4/candidate_universe__tool_only__dr004_v2_k3.json,NewJersey4,2025-12-31,Evening,504,045,5,0,due_doubles:Midday,due_doubles,Midday,BOX,12,12,1,0,0,0,0,0
2026-01-01,sharepacks,tool_only,sharepacks/2026-01-01/NewJersey4/candidate_universe__tool_only__dr004_v2_k3.json,NewJersey4,2025-12-31,Evening,504,045,5,0,due_doubles_mirror_double:Combined:seed=022,due_doubles_mirror_double,Combined,BOX,6,6,1,0,0,0,0,0
2026-01-01,sharepacks,tool_only,sharepacks/2026-01-01/NewJersey4/candidate_universe__tool_only__dr004_v2_k3.json,NewJersey4,2025-12-31,Evening,504,045,5,0,due_doubles_mirror_double:Evening:seed=022,due_doubles_mirror_double,Evening,BOX,6,6,1,0,0,0,0,0
2026-01-01,sharepacks,tool_only,sharepacks/2026-01-01/NewJersey4/candidate_universe__tool_only__dr004_v2_k3.json,NewJersey4,2025-12-31,Evening,504,045,5,0,due_doubles_mirror_double:Midday:seed=022,due_doubles_mirror_double,Midday,BOX,6,6,1,0,0,0,0,0
2026-01-01,sharepacks,tool_only,sharepacks/2026-01-01/NewJersey4/candidate_universe__tool_only__dr004_v2_k3.json,NewJersey4,2025-12-31,Evening,504,045,5,0,due_doubles_mirror_single:Combined:seed=022,due_doubles_mirror_single,Combined,BOX,6,6,1,0,0,0,0,0
2026-01-01,sharepacks,tool_only,sharepacks/2026-01-01/NewJersey4/candidate_universe__tool_only__dr004_v2_k3.json,NewJersey4,2025-12-31,Evening,504,045,5,0,due_doubles_mirror_single:Evening:seed=022,due_doubles_mirror_single,Evening,BOX,6,6,1,0,0,0,0,0
2026-01-01,sharepacks,tool_only,sharepacks/2026-01-01/NewJersey4/candidate_universe__tool_only__dr004_v2_k3.json,NewJersey4,2025-12-31,Evening,504,045,5,0,due_doubles_mirror_single:Midday:seed=022,due_doubles_mirror_single,Midday,BOX,6,6,1,0,0,0,0,0
2026-01-01,sharepacks,tool_only,sharepacks/2026-01-01/NewJersey4/candidate_universe__tool_only__dr004_v2_k3.json,NewJersey4,2025-12-31,Evening,504,045,5,0,hot_zones_top_triads,hot_zones_top,Unknown,STRAIGHT,8,8,1,0,0,0,0,0
2026-01-01,sharepacks,tool_only,sharepacks/2026-01-01/NewJersey4/candidate_universe__tool_only__dr004_v2_k3.json,NewJersey4,2025-12-31,Evening,504,045,5,0,mirror_pair_closure:pair=2/7,mirror_pair_closure,Unknown,BOX,18,18,1,0,0,0,0,0
2026-01-01,sharepacks,tool_only,sharepacks/2026-01-01/NewJersey4/candidate_universe__tool_only__dr004_v2_k3.json,NewJersey4,2025-12-31,Evening,504,045,5,0,mirror_pair_closure:pair=3/8,mirror_pair_closure,Unknown,BOX,18,18,1,0,0,0,0,0
2026-01-01,sharepacks,tool_only,sharepacks/2026-01-01/NewJersey4/candidate_universe__tool_only__dr004_v2_k3.json,NewJersey4,2025-12-31,Evening,504,045,5,0,stable_top:Combined,stable_top,Combined,BOX,9,9,1,0,0,0,0,0
2026-01-01,sharepacks,tool_only,sharepacks/2026-01-01/NewJersey4/candidate_universe__tool_only__dr004_v2_k3.json,NewJersey4,2025-12-31,Evening,504,045,5,0,stable_top:Evening,stable_top,Evening,BOX,9,9,1,0,0,0,0,0
2026-01-01,sharepacks,tool_only,sharepacks/2026-01-01/NewJersey4/candidate_universe__tool_only__dr004_v2_k3.json,NewJersey4,2025-12-31,Evening,504,045,5,0,stable_top:Midday,stable_top,Midday,BOX,12,12,1,0,0,0,0,0
2026-01-01,sharepacks,tool_only,sharepacks/2026-01-01/NewJersey4/candidate_universe__tool_only__dr004_v2_k3.json,NewJersey4,2025-12-31,Evening,504,045,5,0,vtrac_top_straights,vtrac_enhanced_top,Unknown,STRAIGHT,8,8,1,0,0,0,0,0
2026-01-01,sharepacks,tool_only,sharepacks/2026-01-01/NewJersey4/candidate_universe__tool_only__dr004_v2_k3.json,NewJersey4,2025-12-31,Midday,770,077,10,0,__UNION__,union,Unknown,MIXED,151,151,1,1,1,1,1,0
2026-01-01,sharepacks,tool_only,sharepacks/2026-01-01/NewJersey4/candidate_universe__tool_only__dr004_v2_k3.json,NewJersey4,2025-12-31,Midday,770,077,10,0,aux_positional_shortlist,aux_positional,Unknown,STRAIGHT,10,10,1,0,0,0,1,1
2026-01-01,sharepacks,tool_only,sharepacks/2026-01-01/NewJersey4/candidate_universe__tool_only__dr004_v2_k3.json,NewJersey4,2025-12-31,Midday,770,077,10,0,aux_vtrac_index_overdue:Combined:idx=26,aux_vtrac_index_overdue,Combined,STRAIGHT,6,6,1,0,0,0,0,0
2026-01-01,sharepacks,tool_only,sharepacks/2026-01-01/NewJersey4/candidate_universe__tool_only__dr004_v2_k3.json,NewJersey4,2025-12-31,Midday,770,077,10,0,aux_vtrac_index_overdue:Combined:idx=35,aux_vtrac_index_overdue,Combined,STRAIGHT,6,6,1,0,0,0,0,0
2026-01-01,sharepacks,tool_only,sharepacks/2026-01-01/NewJersey4/candidate_universe__tool_only__dr004_v2_k3.json,NewJersey4,2025-12-31,Midday,770,077,10,0,aux_vtrac_index_overdue:Evening:idx=26,aux_vtrac_index_overdue,Evening,STRAIGHT,6,6,1,0,0,0,0,0
2026-01-01,sharepacks,tool_only,sharepacks/2026-01-01/NewJersey4/candidate_universe__tool_only__dr004_v2_k3.json,NewJersey4,2025-12-31,Midday,770,077,10,0,aux_vtrac_index_overdue:Evening:idx=35,aux_vtrac_index_overdue,Evening,STRAIGHT,6,6,1,0,0,0,0,0
2026-01-01,sharepacks,tool_only,sharepacks/2026-01-01/NewJersey4/candidate_universe__tool_only__dr004_v2_k3.json,NewJersey4,2025-12-31,Midday,770,077,10,0,aux_vtrac_index_overdue:Midday:idx=1,aux_vtrac_index_overdue,Midday,STRAIGHT,6,6,1,0,0,0,0,0
2026-01-01,sharepacks,tool_only,sharepacks/2026-01-01/NewJersey4/candidate_universe__tool_only__dr004_v2_k3.json,NewJersey4,2025-12-31,Midday,770,077,10,0,aux_vtrac_index_overdue:Midday:idx=26,aux_vtrac_index_overdue,Midday,STRAIGHT,6,6,1,0,0,0,0,0
2026-01-01,sharepacks,tool_only,sharepacks/2026-01-01/NewJersey4/candidate_universe__tool_only__dr004_v2_k3.json,NewJersey4,2025-12-31,Midday,770,077,10,0,combo_pack:PackA_vt8:seed=027,PackA_vt8,Unknown,STRAIGHT,8,8,1,0,0,0,1,1
2026-01-01,sharepacks,tool_only,sharepacks/2026-01-01/NewJersey4/candidate_universe__tool_only__dr004_v2_k3.json,NewJersey4,2025-12-31,Midday,770,077,10,0,combo_pack:PackB_mirror3rd:seed=027,PackB_mirror3rd,Unknown,STRAIGHT,8,8,1,1,1,0,1,0
2026-01-01,sharepacks,tool_only,sharepacks/2026-01-01/NewJersey4/candidate_universe__tool_only__dr004_v2_k3.json,NewJersey4,2025-12-31,Midday,770,077,10,0,combo_pack:R-perm-4:envelope,R-perm-4,Unknown,STRAIGHT,16,16,1,0,0,0,1,1
2026-01-01,sharepacks,tool_only,sharepacks/2026-01-01/NewJersey4/candidate_universe__tool_only__dr004_v2_k3.json,NewJersey4,2025-12-31,Midday,770,077,10,0,combo_pack:consensus_double_9:trigger=8:keys=297,consensus_double_9,Unknown,MIXED,9,9,1,0,0,0,0,0
2026-01-01,sharepacks,tool_only,sharepacks/2026-01-01/NewJersey4/candidate_universe__tool_only__dr004_v2_k3.json,NewJersey4,2025-12-31,Midday,770,077,10,0,digit_reduction_dr004:Combined:top3,digit_reduction_dr004,Combined,BOX,12,12,1,0,0,0,0,0
2026-01-01,sharepacks,tool_only,sharepacks/2026-01-01/NewJersey4/candidate_universe__tool_only__dr004_v2_k3.json,NewJersey4,2025-12-31,Midday,770,077,10,0,digit_reduction_dr004:Evening:top3,digit_reduction_dr004,Evening,BOX,13,13,1,0,0,0,0,0
2026-01-01,sharepacks,tool_only,sharepacks/2026-01-01/NewJersey4/candidate_universe__tool_only__dr004_v2_k3.json,NewJersey4,2025-12-31,Midday,770,077,10,0,digit_reduction_dr004:Midday:top3,digit_reduction_dr004,Midday,BOX,13,13,1,0,0,0,0,0
2026-01-01,sharepacks,tool_only,sharepacks/2026-01-01/NewJersey4/candidate_universe__tool_only__dr004_v2_k3.json,NewJersey4,2025-12-31,Midday,770,077,10,0,due_doubles:Combined,due_doubles,Combined,BOX,12,12,1,0,0,0,1,1
2026-01-01,sharepacks,tool_only,sharepacks/2026-01-01/NewJersey4/candidate_universe__tool_only__dr004_v2_k3.json,NewJersey4,2025-12-31,Midday,770,077,10,0,due_doubles:Evening,due_doubles,Evening,BOX,12,12,1,0,0,0,1,1
2026-01-01,sharepacks,tool_only,sharepacks/2026-01-01/NewJersey4/candidate_universe__tool_only__dr004_v2_k3.json,NewJersey4,2025-12-31,Midday,770,077,10,0,due_doubles:Midday,due_doubles,Midday,BOX,12,12,1,0,0,0,1,1
2026-01-01,sharepacks,tool_only,sharepacks/2026-01-01/NewJersey4/candidate_universe__tool_only__dr004_v2_k3.json,NewJersey4,2025-12-31,Midday,770,077,10,0,due_doubles_mirror_double:Combined:seed=022,due_doubles_mirror_double,Combined,BOX,6,6,1,1,1,1,1,0
2026-01-01,sharepacks,tool_only,sharepacks/2026-01-01/NewJersey4/candidate_universe__tool_only__dr004_v2_k3.json,NewJersey4,2025-12-31,Midday,770,077,10,0,due_doubles_mirror_double:Evening:seed=022,due_doubles_mirror_double,Evening,BOX,6,6,1,1,1,1,1,0
2026-01-01,sharepacks,tool_only,sharepacks/2026-01-01/NewJersey4/candidate_universe__tool_only__dr004_v2_k3.json,NewJersey4,2025-12-31,Midday,770,077,10,0,due_doubles_mirror_double:Midday:seed=022,due_doubles_mirror_double,Midday,BOX,6,6,1,1,1,1,1,0
2026-01-01,sharepacks,tool_only,sharepacks/2026-01-01/NewJersey4/candidate_universe__tool_only__dr004_v2_k3.json,NewJersey4,2025-12-31,Midday,770,077,10,0,due_doubles_mirror_single:Combined:seed=022,due_doubles_mirror_single,Combined,BOX,6,6,1,0,0,0,1,1
2026-01-01,sharepacks,tool_only,sharepacks/2026-01-01/NewJersey4/candidate_universe__tool_only__dr004_v2_k3.json,NewJersey4,2025-12-31,Midday,770,077,10,0,due_doubles_mirror_single:Evening:seed=022,due_doubles_mirror_single,Evening,BOX,6,6,1,0,0,0,1,1
2026-01-01,sharepacks,tool_only,sharepacks/2026-01-01/NewJersey4/candidate_universe__tool_only__dr004_v2_k3.json,NewJersey4,2025-12-31,Midday,770,077,10,0,due_doubles_mirror_single:Midday:seed=022,due_doubles_mirror_single,Midday,BOX,6,6,1,0,0,0,1,1
2026-01-01,sharepacks,tool_only,sharepacks/2026-01-01/NewJersey4/candidate_universe__tool_only__dr004_v2_k3.json,NewJersey4,2025-12-31,Midday,770,077,10,0,hot_zones_top_triads,hot_zones_top,Unknown,STRAIGHT,8,8,1,0,0,0,0,0
2026-01-01,sharepacks,tool_only,sharepacks/2026-01-01/NewJersey4/candidate_universe__tool_only__dr004_v2_k3.json,NewJersey4,2025-12-31,Midday,770,077,10,0,mirror_pair_closure:pair=2/7,mirror_pair_closure,Unknown,BOX,18,18,1,0,0,0,0,0
2026-01-01,sharepacks,tool_only,sharepacks/2026-01-01/NewJersey4/candidate_universe__tool_only__dr004_v2_k3.json,NewJersey4,2025-12-31,Midday,770,077,10,0,mirror_pair_closure:pair=3/8,mirror_pair_closure,Unknown,BOX,18,18,1,0,0,0,0,0
2026-01-01,sharepacks,tool_only,sharepacks/2026-01-01/NewJersey4/candidate_universe__tool_only__dr004_v2_k3.json,NewJersey4,2025-12-31,Midday,770,077,10,0,stable_top:Combined,stable_top,Combined,BOX,9,9,1,0,0,0,0,0
2026-01-01,sharepacks,tool_only,sharepacks/2026-01-01/NewJersey4/candidate_universe__tool_only__dr004_v2_k3.json,NewJersey4,2025-12-31,Midday,770,077,10,0,stable_top:Evening,stable_top,Evening,BOX,9,9,1,0,0,0,0,0
2026-01-01,sharepacks,tool_only,sharepacks/2026-01-01/NewJersey4/candidate_universe__tool_only__dr004_v2_k3.json,NewJersey4,2025-12-31,Midday,770,077,10,0,stable_top:Midday,stable_top,Midday,BOX,12,12,1,0,0,0,0,0
2026-01-01,sharepacks,tool_only,sharepacks/2026-01-01/NewJersey4/candidate_universe__tool_only__dr004_v2_k3.json,NewJersey4,2025-12-31,Midday,770,077,10,0,vtrac_top_straights,vtrac_enhanced_top,Unknown,STRAIGHT,8,8,1,0,0,0,0,0
2026-01-01,sharepacks,tool_only,sharepacks/2026-01-01/NewYork4/candidate_universe__tool_only__dr004_v2_k3.json,NewYork4,2025-12-31,Evening,174,147,22,0,__UNION__,union,Unknown,MIXED,200,200,1,0,0,0,1,1
2026-01-01,sharepacks,tool_only,sharepacks/2026-01-01/NewYork4/candidate_universe__tool_only__dr004_v2_k3.json,NewYork4,2025-12-31,Evening,174,147,22,0,aux_positional_shortlist,aux_positional,Unknown,STRAIGHT,10,10,1,0,0,0,1,1
2026-01-01,sharepacks,tool_only,sharepacks/2026-01-01/NewYork4/candidate_universe__tool_only__dr004_v2_k3.json,NewYork4,2025-12-31,Evening,174,147,22,0,aux_vtrac_index_overdue:Combined:idx=18,aux_vtrac_index_overdue,Combined,STRAIGHT,24,24,1,0,0,0,0,0
2026-01-01,sharepacks,tool_only,sharepacks/2026-01-01/NewYork4/candidate_universe__tool_only__dr004_v2_k3.json,NewYork4,2025-12-31,Evening,174,147,22,0,aux_vtrac_index_overdue:Combined:idx=35,aux_vtrac_index_overdue,Combined,STRAIGHT,6,6,1,0,0,0,0,0
2026-01-01,sharepacks,tool_only,sharepacks/2026-01-01/NewYork4/candidate_universe__tool_only__dr004_v2_k3.json,NewYork4,2025-12-31,Evening,174,147,22,0,aux_vtrac_index_overdue:Evening:idx=18,aux_vtrac_index_overdue,Evening,STRAIGHT,24,24,1,0,0,0,0,0
2026-01-01,sharepacks,tool_only,sharepacks/2026-01-01/NewYork4/candidate_universe__tool_only__dr004_v2_k3.json,NewYork4,2025-12-31,Evening,174,147,22,0,aux_vtrac_index_overdue:Evening:idx=34,aux_vtrac_index_overdue,Evening,STRAIGHT,24,24,1,0,0,0,0,0
2026-01-01,sharepacks,tool_only,sharepacks/2026-01-01/NewYork4/candidate_universe__tool_only__dr004_v2_k3.json,NewYork4,2025-12-31,Evening,174,147,22,0,aux_vtrac_index_overdue:Midday:idx=26,aux_vtrac_index_overdue,Midday,STRAIGHT,6,6,1,0,0,0,0,0
2026-01-01,sharepacks,tool_only,sharepacks/2026-01-01/NewYork4/candidate_universe__tool_only__dr004_v2_k3.json,NewYork4,2025-12-31,Evening,174,147,22,0,aux_vtrac_index_overdue:Midday:idx=35,aux_vtrac_index_overdue,Midday,STRAIGHT,6,6,1,0,0,0,0,0
2026-01-01,sharepacks,tool_only,sharepacks/2026-01-01/NewYork4/candidate_universe__tool_only__dr004_v2_k3.json,NewYork4,2025-12-31,Evening,174,147,22,0,combo_pack:PackA_vt8:seed=016,PackA_vt8,Unknown,STRAIGHT,8,8,1,0,0,0,0,0
2026-01-01,sharepacks,tool_only,sharepacks/2026-01-01/NewYork4/candidate_universe__tool_only__dr004_v2_k3.json,NewYork4,2025-12-31,Evening,174,147,22,0,combo_pack:PackB_mirror3rd:seed=016,PackB_mirror3rd,Unknown,STRAIGHT,8,8,1,0,0,0,0,0
2026-01-01,sharepacks,tool_only,sharepacks/2026-01-01/NewYork4/candidate_universe__tool_only__dr004_v2_k3.json,NewYork4,2025-12-31,Evening,174,147,22,0,combo_pack:R-perm-4:envelope,R-perm-4,Unknown,STRAIGHT,16,16,1,0,0,0,0,0
2026-01-01,sharepacks,tool_only,sharepacks/2026-01-01/NewYork4/candidate_universe__tool_only__dr004_v2_k3.json,NewYork4,2025-12-31,Evening,174,147,22,0,combo_pack:consensus_double_9:trigger=7:keys=061,consensus_double_9,Unknown,MIXED,9,9,1,0,0,0,0,0
2026-01-01,sharepacks,tool_only,sharepacks/2026-01-01/NewYork4/candidate_universe__tool_only__dr004_v2_k3.json,NewYork4,2025-12-31,Evening,174,147,22,0,digit_reduction_dr004:Combined:top3,digit_reduction_dr004,Combined,BOX,13,13,1,0,0,0,0,0
2026-01-01,sharepacks,tool_only,sharepacks/2026-01-01/NewYork4/candidate_universe__tool_only__dr004_v2_k3.json,NewYork4,2025-12-31,Evening,174,147,22,0,digit_reduction_dr004:Evening:top3,digit_reduction_dr004,Evening,BOX,10,10,1,0,0,0,0,0
2026-01-01,sharepacks,tool_only,sharepacks/2026-01-01/NewYork4/candidate_universe__tool_only__dr004_v2_k3.json,NewYork4,2025-12-31,Evening,174,147,22,0,digit_reduction_dr004:Midday:top3,digit_reduction_dr004,Midday,BOX,8,8,1,0,0,0,0,0
2026-01-01,sharepacks,tool_only,sharepacks/2026-01-01/NewYork4/candidate_universe__tool_only__dr004_v2_k3.json,NewYork4,2025-12-31,Evening,174,147,22,0,due_doubles:Combined,due_doubles,Combined,BOX,12,12,1,0,0,0,0,0
2026-01-01,sharepacks,tool_only,sharepacks/2026-01-01/NewYork4/candidate_universe__tool_only__dr004_v2_k3.json,NewYork4,2025-12-31,Evening,174,147,22,0,due_doubles:Evening,due_doubles,Evening,BOX,12,12,1,0,0,0,0,0
2026-01-01,sharepacks,tool_only,sharepacks/2026-01-01/NewYork4/candidate_universe__tool_only__dr004_v2_k3.json,NewYork4,2025-12-31,Evening,174,147,22,0,due_doubles:Midday,due_doubles,Midday,BOX,12,12,1,0,0,0,0,0
2026-01-01,sharepacks,tool_only,sharepacks/2026-01-01/NewYork4/candidate_universe__tool_only__dr004_v2_k3.json,NewYork4,2025-12-31,Evening,174,147,22,0,due_doubles_mirror_double:Combined:seed=001,due_doubles_mirror_double,Combined,BOX,6,6,1,0,0,0,0,0
2026-01-01,sharepacks,tool_only,sharepacks/2026-01-01/NewYork4/candidate_universe__tool_only__dr004_v2_k3.json,NewYork4,2025-12-31,Evening,174,147,22,0,due_doubles_mirror_double:Evening:seed=001,due_doubles_mirror_double,Evening,BOX,6,6,1,0,0,0,0,0
2026-01-01,sharepacks,tool_only,sharepacks/2026-01-01/NewYork4/candidate_universe__tool_only__dr004_v2_k3.json,NewYork4,2025-12-31,Evening,174,147,22,0,due_doubles_mirror_double:Midday:seed=001,due_doubles_mirror_double,Midday,BOX,6,6,1,0,0,0,0,0
2026-01-01,sharepacks,tool_only,sharepacks/2026-01-01/NewYork4/candidate_universe__tool_only__dr004_v2_k3.json,NewYork4,2025-12-31,Evening,174,147,22,0,due_doubles_mirror_single:Combined:seed=001,due_doubles_mirror_single,Combined,BOX,6,6,1,0,0,0,0,0
2026-01-01,sharepacks,tool_only,sharepacks/2026-01-01/NewYork4/candidate_universe__tool_only__dr004_v2_k3.json,NewYork4,2025-12-31,Evening,174,147,22,0,due_doubles_mirror_single:Evening:seed=001,due_doubles_mirror_single,Evening,BOX,6,6,1,0,0,0,0,0
2026-01-01,sharepacks,tool_only,sharepacks/2026-01-01/NewYork4/candidate_universe__tool_only__dr004_v2_k3.json,NewYork4,2025-12-31,Evening,174,147,22,0,due_doubles_mirror_single:Midday:seed=001,due_doubles_mirror_single,Midday,BOX,6,6,1,0,0,0,0,0
2026-01-01,sharepacks,tool_only,sharepacks/2026-01-01/NewYork4/candidate_universe__tool_only__dr004_v2_k3.json,NewYork4,2025-12-31,Evening,174,147,22,0,hot_zones_top_triads,hot_zones_top,Unknown,STRAIGHT,8,8,1,0,0,0,0,0
2026-01-01,sharepacks,tool_only,sharepacks/2026-01-01/NewYork4/candidate_universe__tool_only__dr004_v2_k3.json,NewYork4,2025-12-31,Evening,174,147,22,0,mirror_pair_closure:pair=0/5,mirror_pair_closure,Unknown,BOX,18,18,1,0,0,0,0,0
2026-01-01,sharepacks,tool_only,sharepacks/2026-01-01/NewYork4/candidate_universe__tool_only__dr004_v2_k3.json,NewYork4,2025-12-31,Evening,174,147,22,0,mirror_pair_closure:pair=2/7,mirror_pair_closure,Unknown,BOX,18,18,1,0,0,0,0,0
2026-01-01,sharepacks,tool_only,sharepacks/2026-01-01/NewYork4/candidate_universe__tool_only__dr004_v2_k3.json,NewYork4,2025-12-31,Evening,174,147,22,0,stable_top:Combined,stable_top,Combined,BOX,12,12,1,0,0,0,0,0
2026-01-01,sharepacks,tool_only,sharepacks/2026-01-01/NewYork4/candidate_universe__tool_only__dr004_v2_k3.json,NewYork4,2025-12-31,Evening,174,147,22,0,stable_top:Evening,stable_top,Evening,BOX,9,9,1,0,0,0,0,0
2026-01-01,sharepacks,tool_only,sharepacks/2026-01-01/NewYork4/candidate_universe__tool_only__dr004_v2_k3.json,NewYork4,2025-12-31,Evening,174,147,22,0,stable_top:Midday,stable_top,Midday,BOX,9,9,1,0,0,0,0,0
2026-01-01,sharepacks,tool_only,sharepacks/2026-01-01/NewYork4/candidate_universe__tool_only__dr004_v2_k3.json,NewYork4,2025-12-31,Evening,174,147,22,0,vtrac_top_straights,vtrac_enhanced_top,Unknown,STRAIGHT,8,8,1,0,0,0,0,0
2026-01-01,sharepacks,tool_only,sharepacks/2026-01-01/NewYork4/candidate_universe__tool_only__dr004_v2_k3.json,NewYork4,2025-12-31,Midday,117,117,17,0,__UNION__,union,Unknown,MIXED,200,200,1,0,0,0,1,1
2026-01-01,sharepacks,tool_only,sharepacks/2026-01-01/NewYork4/candidate_universe__tool_only__dr004_v2_k3.json,NewYork4,2025-12-31,Midday,117,117,17,0,aux_positional_shortlist,aux_positional,Unknown,STRAIGHT,10,10,1,0,0,0,0,0
2026-01-01,sharepacks,tool_only,sharepacks/2026-01-01/NewYork4/candidate_universe__tool_only__dr004_v2_k3.json,NewYork4,2025-12-31,Midday,117,117,17,0,aux_vtrac_index_overdue:Combined:idx=18,aux_vtrac_index_overdue,Combined,STRAIGHT,24,24,1,0,0,0,0,0
2026-01-01,sharepacks,tool_only,sharepacks/2026-01-01/NewYork4/candidate_universe__tool_only__dr004_v2_k3.json,NewYork4,2025-12-31,Midday,117,117,17,0,aux_vtrac_index_overdue:Combined:idx=35,aux_vtrac_index_overdue,Combined,STRAIGHT,6,6,1,0,0,0,0,0
2026-01-01,sharepacks,tool_only,sharepacks/2026-01-01/NewYork4/candidate_universe__tool_only__dr004_v2_k3.json,NewYork4,2025-12-31,Midday,117,117,17,0,aux_vtrac_index_overdue:Evening:idx=18,aux_vtrac_index_overdue,Evening,STRAIGHT,24,24,1,0,0,0,0,0
2026-01-01,sharepacks,tool_only,sharepacks/2026-01-01/NewYork4/candidate_universe__tool_only__dr004_v2_k3.json,NewYork4,2025-12-31,Midday,117,117,17,0,aux_vtrac_index_overdue:Evening:idx=34,aux_vtrac_index_overdue,Evening,STRAIGHT,24,24,1,0,0,0,0,0
2026-01-01,sharepacks,tool_only,sharepacks/2026-01-01/NewYork4/candidate_universe__tool_only__dr004_v2_k3.json,NewYork4,2025-12-31,Midday,117,117,17,0,aux_vtrac_index_overdue:Midday:idx=26,aux_vtrac_index_overdue,Midday,STRAIGHT,6,6,1,0,0,0,0,0
2026-01-01,sharepacks,tool_only,sharepacks/2026-01-01/NewYork4/candidate_universe__tool_only__dr004_v2_k3.json,NewYork4,2025-12-31,Midday,117,117,17,0,aux_vtrac_index_overdue:Midday:idx=35,aux_vtrac_index_overdue,Midday,STRAIGHT,6,6,1,0,0,0,0,0
2026-01-01,sharepacks,tool_only,sharepacks/2026-01-01/NewYork4/candidate_universe__tool_only__dr004_v2_k3.json,NewYork4,2025-12-31,Midday,117,117,17,0,combo_pack:PackA_vt8:seed=016,PackA_vt8,Unknown,STRAIGHT,8,8,1,0,0,0,0,0
2026-01-01,sharepacks,tool_only,sharepacks/2026-01-01/NewYork4/candidate_universe__tool_only__dr004_v2_k3.json,NewYork4,2025-12-31,Midday,117,117,17,0,combo_pack:PackB_mirror3rd:seed=016,PackB_mirror3rd,Unknown,STRAIGHT,8,8,1,0,0,0,0,0
2026-01-01,sharepacks,tool_only,sharepacks/2026-01-01/NewYork4/candidate_universe__tool_only__dr004_v2_k3.json,NewYork4,2025-12-31,Midday,117,117,17,0,combo_pack:R-perm-4:envelope,R-perm-4,Unknown,STRAIGHT,16,16,1,0,0,0,1,1
2026-01-01,sharepacks,tool_only,sharepacks/2026-01-01/NewYork4/candidate_universe__tool_only__dr004_v2_k3.json,NewYork4,2025-12-31,Midday,117,117,17,0,combo_pack:consensus_double_9:trigger=7:keys=061,consensus_double_9,Unknown,MIXED,9,9,1,0,0,0,0,0
2026-01-01,sharepacks,tool_only,sharepacks/2026-01-01/NewYork4/candidate_universe__tool_only__dr004_v2_k3.json,NewYork4,2025-12-31,Midday,117,117,17,0,digit_reduction_dr004:Combined:top3,digit_reduction_dr004,Combined,BOX,13,13,1,0,0,0,0,0
2026-01-01,sharepacks,tool_only,sharepacks/2026-01-01/NewYork4/candidate_universe__tool_only__dr004_v2_k3.json,NewYork4,2025-12-31,Midday,117,117,17,0,digit_reduction_dr004:Evening:top3,digit_reduction_dr004,Evening,BOX,10,10,1,0,0,0,0,0
2026-01-01,sharepacks,tool_only,sharepacks/2026-01-01/NewYork4/candidate_universe__tool_only__dr004_v2_k3.json,NewYork4,2025-12-31,Midday,117,117,17,0,digit_reduction_dr004:Midday:top3,digit_reduction_dr004,Midday,BOX,8,8,1,0,0,0,0,0
2026-01-01,sharepacks,tool_only,sharepacks/2026-01-01/NewYork4/candidate_universe__tool_only__dr004_v2_k3.json,NewYork4,2025-12-31,Midday,117,117,17,0,due_doubles:Combined,due_doubles,Combined,BOX,12,12,1,0,0,0,0,0
2026-01-01,sharepacks,tool_only,sharepacks/2026-01-01/NewYork4/candidate_universe__tool_only__dr004_v2_k3.json,NewYork4,2025-12-31,Midday,117,117,17,0,due_doubles:Evening,due_doubles,Evening,BOX,12,12,1,0,0,0,0,0
2026-01-01,sharepacks,tool_only,sharepacks/2026-01-01/NewYork4/candidate_universe__tool_only__dr004_v2_k3.json,NewYork4,2025-12-31,Midday,117,117,17,0,due_doubles:Midday,due_doubles,Midday,BOX,12,12,1,0,0,0,0,0
2026-01-01,sharepacks,tool_only,sharepacks/2026-01-01/NewYork4/candidate_universe__tool_only__dr004_v2_k3.json,NewYork4,2025-12-31,Midday,117,117,17,0,due_doubles_mirror_double:Combined:seed=001,due_doubles_mirror_double,Combined,BOX,6,6,1,0,0,0,0,0
2026-01-01,sharepacks,tool_only,sharepacks/2026-01-01/NewYork4/candidate_universe__tool_only__dr004_v2_k3.json,NewYork4,2025-12-31,Midday,117,117,17,0,due_doubles_mirror_double:Evening:seed=001,due_doubles_mirror_double,Evening,BOX,6,6,1,0,0,0,0,0
2026-01-01,sharepacks,tool_only,sharepacks/2026-01-01/NewYork4/candidate_universe__tool_only__dr004_v2_k3.json,NewYork4,2025-12-31,Midday,117,117,17,0,due_doubles_mirror_double:Midday:seed=001,due_doubles_mirror_double,Midday,BOX,6,6,1,0,0,0,0,0
2026-01-01,sharepacks,tool_only,sharepacks/2026-01-01/NewYork4/candidate_universe__tool_only__dr004_v2_k3.json,NewYork4,2025-12-31,Midday,117,117,17,0,due_doubles_mirror_single:Combined:seed=001,due_doubles_mirror_single,Combined,BOX,6,6,1,0,0,0,0,0
2026-01-01,sharepacks,tool_only,sharepacks/2026-01-01/NewYork4/candidate_universe__tool_only__dr004_v2_k3.json,NewYork4,2025-12-31,Midday,117,117,17,0,due_doubles_mirror_single:Evening:seed=001,due_doubles_mirror_single,Evening,BOX,6,6,1,0,0,0,0,0
2026-01-01,sharepacks,tool_only,sharepacks/2026-01-01/NewYork4/candidate_universe__tool_only__dr004_v2_k3.json,NewYork4,2025-12-31,Midday,117,117,17,0,due_doubles_mirror_single:Midday:seed=001,due_doubles_mirror_single,Midday,BOX,6,6,1,0,0,0,0,0
2026-01-01,sharepacks,tool_only,sharepacks/2026-01-01/NewYork4/candidate_universe__tool_only__dr004_v2_k3.json,NewYork4,2025-12-31,Midday,117,117,17,0,hot_zones_top_triads,hot_zones_top,Unknown,STRAIGHT,8,8,1,0,0,0,0,0
2026-01-01,sharepacks,tool_only,sharepacks/2026-01-01/NewYork4/candidate_universe__tool_only__dr004_v2_k3.json,NewYork4,2025-12-31,Midday,117,117,17,0,mirror_pair_closure:pair=0/5,mirror_pair_closure,Unknown,BOX,18,18,1,0,0,0,0,0
2026-01-01,sharepacks,tool_only,sharepacks/2026-01-01/NewYork4/candidate_universe__tool_only__dr004_v2_k3.json,NewYork4,2025-12-31,Midday,117,117,17,0,mirror_pair_closure:pair=2/7,mirror_pair_closure,Unknown,BOX,18,18,1,0,0,0,0,0
2026-01-01,sharepacks,tool_only,sharepacks/2026-01-01/NewYork4/candidate_universe__tool_only__dr004_v2_k3.json,NewYork4,2025-12-31,Midday,117,117,17,0,stable_top:Combined,stable_top,Combined,BOX,12,12,1,0,0,0,1,1
2026-01-01,sharepacks,tool_only,sharepacks/2026-01-01/NewYork4/candidate_universe__tool_only__dr004_v2_k3.json,NewYork4,2025-12-31,Midday,117,117,17,0,stable_top:Evening,stable_top,Evening,BOX,9,9,1,0,0,0,0,0
2026-01-01,sharepacks,tool_only,sharepacks/2026-01-01/NewYork4/candidate_universe__tool_only__dr004_v2_k3.json,NewYork4,2025-12-31,Midday,117,117,17,0,stable_top:Midday,stable_top,Midday,BOX,9,9,1,0,0,0,1,1
2026-01-01,sharepacks,tool_only,sharepacks/2026-01-01/NewYork4/candidate_universe__tool_only__dr004_v2_k3.json,NewYork4,2025-12-31,Midday,117,117,17,0,vtrac_top_straights,vtrac_enhanced_top,Unknown,STRAIGHT,8,8,1,0,0,0,0,0
2026-01-01,sharepacks,tool_only,sharepacks/2026-01-01/NorthCarolina4/candidate_universe__tool_only__dr004_v2_k3.json,NorthCarolina4,2025-12-31,Evening,053,035,4,0,__UNION__,union,Unknown,MIXED,194,194,1,1,1,1,1,0
2026-01-01,sharepacks,tool_only,sharepacks/2026-01-01/NorthCarolina4/candidate_universe__tool_only__dr004_v2_k3.json,NorthCarolina4,2025-12-31,Evening,053,035,4,0,aux_positional_shortlist,aux_positional,Unknown,STRAIGHT,10,10,1,0,0,0,0,0
2026-01-01,sharepacks,tool_only,sharepacks/2026-01-01/NorthCarolina4/candidate_universe__tool_only__dr004_v2_k3.json,NorthCarolina4,2025-12-31,Evening,053,035,4,0,aux_vtrac_index_overdue:Combined:idx=26,aux_vtrac_index_overdue,Combined,STRAIGHT,6,6,1,0,0,0,0,0
2026-01-01,sharepacks,tool_only,sharepacks/2026-01-01/NorthCarolina4/candidate_universe__tool_only__dr004_v2_k3.json,NorthCarolina4,2025-12-31,Evening,053,035,4,0,aux_vtrac_index_overdue:Combined:idx=32,aux_vtrac_index_overdue,Combined,STRAIGHT,6,6,1,0,0,0,0,0
2026-01-01,sharepacks,tool_only,sharepacks/2026-01-01/NorthCarolina4/candidate_universe__tool_only__dr004_v2_k3.json,NorthCarolina4,2025-12-31,Evening,053,035,4,0,aux_vtrac_index_overdue:Evening:idx=26,aux_vtrac_index_overdue,Evening,STRAIGHT,6,6,1,0,0,0,0,0
2026-01-01,sharepacks,tool_only,sharepacks/2026-01-01/NorthCarolina4/candidate_universe__tool_only__dr004_v2_k3.json,NorthCarolina4,2025-12-31,Evening,053,035,4,0,aux_vtrac_index_overdue:Evening:idx=34,aux_vtrac_index_overdue,Evening,STRAIGHT,24,24,1,0,0,0,0,0
2026-01-01,sharepacks,tool_only,sharepacks/2026-01-01/NorthCarolina4/candidate_universe__tool_only__dr004_v2_k3.json,NorthCarolina4,2025-12-31,Evening,053,035,4,0,aux_vtrac_index_overdue:Midday:idx=25,aux_vtrac_index_overdue,Midday,STRAIGHT,24,24,1,0,0,0,0,0
2026-01-01,sharepacks,tool_only,sharepacks/2026-01-01/NorthCarolina4/candidate_universe__tool_only__dr004_v2_k3.json,NorthCarolina4,2025-12-31,Evening,053,035,4,0,aux_vtrac_index_overdue:Midday:idx=26,aux_vtrac_index_overdue,Midday,STRAIGHT,6,6,1,0,0,0,0,0
2026-01-01,sharepacks,tool_only,sharepacks/2026-01-01/NorthCarolina4/candidate_universe__tool_only__dr004_v2_k3.json,NorthCarolina4,2025-12-31,Evening,053,035,4,0,combo_pack:PackA_vt8:seed=024,PackA_vt8,Unknown,STRAIGHT,8,8,1,0,0,0,0,0
2026-01-01,sharepacks,tool_only,sharepacks/2026-01-01/NorthCarolina4/candidate_universe__tool_only__dr004_v2_k3.json,NorthCarolina4,2025-12-31,Evening,053,035,4,0,combo_pack:PackB_mirror3rd:seed=024,PackB_mirror3rd,Unknown,STRAIGHT,12,12,1,0,0,0,0,0
2026-01-01,sharepacks,tool_only,sharepacks/2026-01-01/NorthCarolina4/candidate_universe__tool_only__dr004_v2_k3.json,NorthCarolina4,2025-12-31,Evening,053,035,4,0,combo_pack:R-perm-4:envelope,R-perm-4,Unknown,STRAIGHT,16,16,1,0,0,0,0,0
2026-01-01,sharepacks,tool_only,sharepacks/2026-01-01/NorthCarolina4/candidate_universe__tool_only__dr004_v2_k3.json,NorthCarolina4,2025-12-31,Evening,053,035,4,0,combo_pack:consensus_double_9:trigger=4:keys=029,consensus_double_9,Unknown,MIXED,9,9,1,0,0,0,0,0
2026-01-01,sharepacks,tool_only,sharepacks/2026-01-01/NorthCarolina4/candidate_universe__tool_only__dr004_v2_k3.json,NorthCarolina4,2025-12-31,Evening,053,035,4,0,digit_reduction_dr004:Combined:top3,digit_reduction_dr004,Combined,BOX,10,10,1,0,0,0,0,0
2026-01-01,sharepacks,tool_only,sharepacks/2026-01-01/NorthCarolina4/candidate_universe__tool_only__dr004_v2_k3.json,NorthCarolina4,2025-12-31,Evening,053,035,4,0,digit_reduction_dr004:Evening:top3,digit_reduction_dr004,Evening,BOX,8,8,1,0,0,0,0,0
2026-01-01,sharepacks,tool_only,sharepacks/2026-01-01/NorthCarolina4/candidate_universe__tool_only__dr004_v2_k3.json,NorthCarolina4,2025-12-31,Evening,053,035,4,0,digit_reduction_dr004:Midday:top3,digit_reduction_dr004,Midday,BOX,13,13,1,0,0,0,0,0
2026-01-01,sharepacks,tool_only,sharepacks/2026-01-01/NorthCarolina4/candidate_universe__tool_only__dr004_v2_k3.json,NorthCarolina4,2025-12-31,Evening,053,035,4,0,due_doubles:Combined,due_doubles,Combined,BOX,12,12,1,0,0,0,0,0
2026-01-01,sharepacks,tool_only,sharepacks/2026-01-01/NorthCarolina4/candidate_universe__tool_only__dr004_v2_k3.json,NorthCarolina4,2025-12-31,Evening,053,035,4,0,due_doubles:Evening,due_doubles,Evening,BOX,12,12,1,0,0,0,0,0
2026-01-01,sharepacks,tool_only,sharepacks/2026-01-01/NorthCarolina4/candidate_universe__tool_only__dr004_v2_k3.json,NorthCarolina4,2025-12-31,Evening,053,035,4,0,due_doubles:Midday,due_doubles,Midday,BOX,12,12,1,0,0,0,0,0
2026-01-01,sharepacks,tool_only,sharepacks/2026-01-01/NorthCarolina4/candidate_universe__tool_only__dr004_v2_k3.json,NorthCarolina4,2025-12-31,Evening,053,035,4,0,due_doubles_mirror_double:Combined:seed=001,due_doubles_mirror_double,Combined,BOX,6,6,1,0,0,0,0,0
2026-01-01,sharepacks,tool_only,sharepacks/2026-01-01/NorthCarolina4/candidate_universe__tool_only__dr004_v2_k3.json,NorthCarolina4,2025-12-31,Evening,053,035,4,0,due_doubles_mirror_double:Evening:seed=001,due_doubles_mirror_double,Evening,BOX,6,6,1,0,0,0,0,0
2026-01-01,sharepacks,tool_only,sharepacks/2026-01-01/NorthCarolina4/candidate_universe__tool_only__dr004_v2_k3.json,NorthCarolina4,2025-12-31,Evening,053,035,4,0,due_doubles_mirror_double:Midday:seed=001,due_doubles_mirror_double,Midday,BOX,6,6,1,0,0,0,0,0
2026-01-01,sharepacks,tool_only,sharepacks/2026-01-01/NorthCarolina4/candidate_universe__tool_only__dr004_v2_k3.json,NorthCarolina4,2025-12-31,Evening,053,035,4,0,due_doubles_mirror_single:Combined:seed=001,due_doubles_mirror_single,Combined,BOX,6,6,1,0,0,0,0,0
2026-01-01,sharepacks,tool_only,sharepacks/2026-01-01/NorthCarolina4/candidate_universe__tool_only__dr004_v2_k3.json,NorthCarolina4,2025-12-31,Evening,053,035,4,0,due_doubles_mirror_single:Evening:seed=001,due_doubles_mirror_single,Evening,BOX,6,6,1,0,0,0,0,0
2026-01-01,sharepacks,tool_only,sharepacks/2026-01-01/NorthCarolina4/candidate_universe__tool_only__dr004_v2_k3.json,NorthCarolina4,2025-12-31,Evening,053,035,4,0,due_doubles_mirror_single:Midday:seed=001,due_doubles_mirror_single,Midday,BOX,6,6,1,0,0,0,0,0
2026-01-01,sharepacks,tool_only,sharepacks/2026-01-01/NorthCarolina4/candidate_universe__tool_only__dr004_v2_k3.json,NorthCarolina4,2025-12-31,Evening,053,035,4,0,hot_zones_top_triads,hot_zones_top,Unknown,STRAIGHT,8,8,1,0,0,0,1,1
2026-01-01,sharepacks,tool_only,sharepacks/2026-01-01/NorthCarolina4/candidate_universe__tool_only__dr004_v2_k3.json,NorthCarolina4,2025-12-31,Evening,053,035,4,0,mirror_pair_closure:pair=2/7,mirror_pair_closure,Unknown,BOX,18,18,1,0,0,0,0,0
2026-01-01,sharepacks,tool_only,sharepacks/2026-01-01/NorthCarolina4/candidate_universe__tool_only__dr004_v2_k3.json,NorthCarolina4,2025-12-31,Evening,053,035,4,0,mirror_pair_closure:pair=4/9,mirror_pair_closure,Unknown,BOX,18,18,1,0,0,0,0,0
2026-01-01,sharepacks,tool_only,sharepacks/2026-01-01/NorthCarolina4/candidate_universe__tool_only__dr004_v2_k3.json,NorthCarolina4,2025-12-31,Evening,053,035,4,0,stable_top:Combined,stable_top,Combined,BOX,9,9,1,0,0,0,1,1
2026-01-01,sharepacks,tool_only,sharepacks/2026-01-01/NorthCarolina4/candidate_universe__tool_only__dr004_v2_k3.json,NorthCarolina4,2025-12-31,Evening,053,035,4,0,stable_top:Evening,stable_top,Evening,BOX,9,9,1,0,0,0,0,0
2026-01-01,sharepacks,tool_only,sharepacks/2026-01-01/NorthCarolina4/candidate_universe__tool_only__dr004_v2_k3.json,NorthCarolina4,2025-12-31,Evening,053,035,4,0,stable_top:Midday,stable_top,Midday,BOX,9,9,1,0,0,0,1,1
2026-01-01,sharepacks,tool_only,sharepacks/2026-01-01/NorthCarolina4/candidate_universe__tool_only__dr004_v2_k3.json,NorthCarolina4,2025-12-31,Evening,053,035,4,0,vtrac_top_straights,vtrac_enhanced_top,Unknown,STRAIGHT,8,8,1,1,1,0,1,0
2026-01-01,sharepacks,tool_only,sharepacks/2026-01-01/NorthCarolina4/candidate_universe__tool_only__dr004_v2_k3.json,NorthCarolina4,2025-12-31,Midday,416,146,19,0,__UNION__,union,Unknown,MIXED,194,194,1,0,0,0,0,0
2026-01-01,sharepacks,tool_only,sharepacks/2026-01-01/NorthCarolina4/candidate_universe__tool_only__dr004_v2_k3.json,NorthCarolina4,2025-12-31,Midday,416,146,19,0,aux_positional_shortlist,aux_positional,Unknown,STRAIGHT,10,10,1,0,0,0,0,0
2026-01-01,sharepacks,tool_only,sharepacks/2026-01-01/NorthCarolina4/candidate_universe__tool_only__dr004_v2_k3.json,NorthCarolina4,2025-12-31,Midday,416,146,19,0,aux_vtrac_index_overdue:Combined:idx=26,aux_vtrac_index_overdue,Combined,STRAIGHT,6,6,1,0,0,0,0,0
2026-01-01,sharepacks,tool_only,sharepacks/2026-01-01/NorthCarolina4/candidate_universe__tool_only__dr004_v2_k3.json,NorthCarolina4,2025-12-31,Midday,416,146,19,0,aux_vtrac_index_overdue:Combined:idx=32,aux_vtrac_index_overdue,Combined,STRAIGHT,6,6,1,0,0,0,0,0
2026-01-01,sharepacks,tool_only,sharepacks/2026-01-01/NorthCarolina4/candidate_universe__tool_only__dr004_v2_k3.json,NorthCarolina4,2025-12-31,Midday,416,146,19,0,aux_vtrac_index_overdue:Evening:idx=26,aux_vtrac_index_overdue,Evening,STRAIGHT,6,6,1,0,0,0,0,0
2026-01-01,sharepacks,tool_only,sharepacks/2026-01-01/NorthCarolina4/candidate_universe__tool_only__dr004_v2_k3.json,NorthCarolina4,2025-12-31,Midday,416,146,19,0,aux_vtrac_index_overdue:Evening:idx=34,aux_vtrac_index_overdue,Evening,STRAIGHT,24,24,1,0,0,0,0,0
2026-01-01,sharepacks,tool_only,sharepacks/2026-01-01/NorthCarolina4/candidate_universe__tool_only__dr004_v2_k3.json,NorthCarolina4,2025-12-31,Midday,416,146,19,0,aux_vtrac_index_overdue:Midday:idx=25,aux_vtrac_index_overdue,Midday,STRAIGHT,24,24,1,0,0,0,0,0
2026-01-01,sharepacks,tool_only,sharepacks/2026-01-01/NorthCarolina4/candidate_universe__tool_only__dr004_v2_k3.json,NorthCarolina4,2025-12-31,Midday,416,146,19,0,aux_vtrac_index_overdue:Midday:idx=26,aux_vtrac_index_overdue,Midday,STRAIGHT,6,6,1,0,0,0,0,0
2026-01-01,sharepacks,tool_only,sharepacks/2026-01-01/NorthCarolina4/candidate_universe__tool_only__dr004_v2_k3.json,NorthCarolina4,2025-12-31,Midday,416,146,19,0,combo_pack:PackA_vt8:seed=024,PackA_vt8,Unknown,STRAIGHT,8,8,1,0,0,0,0,0
2026-01-01,sharepacks,tool_only,sharepacks/2026-01-01/NorthCarolina4/candidate_universe__tool_only__dr004_v2_k3.json,NorthCarolina4,2025-12-31,Midday,416,146,19,0,combo_pack:PackB_mirror3rd:seed=024,PackB_mirror3rd,Unknown,STRAIGHT,12,12,1,0,0,0,0,0
2026-01-01,sharepacks,tool_only,sharepacks/2026-01-01/NorthCarolina4/candidate_universe__tool_only__dr004_v2_k3.json,NorthCarolina4,2025-12-31,Midday,416,146,19,0,combo_pack:R-perm-4:envelope,R-perm-4,Unknown,STRAIGHT,16,16,1,0,0,0,0,0
2026-01-01,sharepacks,tool_only,sharepacks/2026-01-01/NorthCarolina4/candidate_universe__tool_only__dr004_v2_k3.json,NorthCarolina4,2025-12-31,Midday,416,146,19,0,combo_pack:consensus_double_9:trigger=4:keys=029,consensus_double_9,Unknown,MIXED,9,9,1,0,0,0,0,0
2026-01-01,sharepacks,tool_only,sharepacks/2026-01-01/NorthCarolina4/candidate_universe__tool_only__dr004_v2_k3.json,NorthCarolina4,2025-12-31,Midday,416,146,19,0,digit_reduction_dr004:Combined:top3,digit_reduction_dr004,Combined,BOX,10,10,1,0,0,0,0,0
2026-01-01,sharepacks,tool_only,sharepacks/2026-01-01/NorthCarolina4/candidate_universe__tool_only__dr004_v2_k3.json,NorthCarolina4,2025-12-31,Midday,416,146,19,0,digit_reduction_dr004:Evening:top3,digit_reduction_dr004,Evening,BOX,8,8,1,0,0,0,0,0
2026-01-01,sharepacks,tool_only,sharepacks/2026-01-01/NorthCarolina4/candidate_universe__tool_only__dr004_v2_k3.json,NorthCarolina4,2025-12-31,Midday,416,146,19,0,digit_reduction_dr004:Midday:top3,digit_reduction_dr004,Midday,BOX,13,13,1,0,0,0,0,0
2026-01-01,sharepacks,tool_only,sharepacks/2026-01-01/NorthCarolina4/candidate_universe__tool_only__dr004_v2_k3.json,NorthCarolina4,2025-12-31,Midday,416,146,19,0,due_doubles:Combined,due_doubles,Combined,BOX,12,12,1,0,0,0,0,0
2026-01-01,sharepacks,tool_only,sharepacks/2026-01-01/NorthCarolina4/candidate_universe__tool_only__dr004_v2_k3.json,NorthCarolina4,2025-12-31,Midday,416,146,19,0,due_doubles:Evening,due_doubles,Evening,BOX,12,12,1,0,0,0,0,0
2026-01-01,sharepacks,tool_only,sharepacks/2026-01-01/NorthCarolina4/candidate_universe__tool_only__dr004_v2_k3.json,NorthCarolina4,2025-12-31,Midday,416,146,19,0,due_doubles:Midday,due_doubles,Midday,BOX,12,12,1,0,0,0,0,0
2026-01-01,sharepacks,tool_only,sharepacks/2026-01-01/NorthCarolina4/candidate_universe__tool_only__dr004_v2_k3.json,NorthCarolina4,2025-12-31,Midday,416,146,19,0,due_doubles_mirror_double:Combined:seed=001,due_doubles_mirror_double,Combined,BOX,6,6,1,0,0,0,0,0
2026-01-01,sharepacks,tool_only,sharepacks/2026-01-01/NorthCarolina4/candidate_universe__tool_only__dr004_v2_k3.json,NorthCarolina4,2025-12-31,Midday,416,146,19,0,due_doubles_mirror_double:Evening:seed=001,due_doubles_mirror_double,Evening,BOX,6,6,1,0,0,0,0,0
2026-01-01,sharepacks,tool_only,sharepacks/2026-01-01/NorthCarolina4/candidate_universe__tool_only__dr004_v2_k3.json,NorthCarolina4,2025-12-31,Midday,416,146,19,0,due_doubles_mirror_double:Midday:seed=001,due_doubles_mirror_double,Midday,BOX,6,6,1,0,0,0,0,0
2026-01-01,sharepacks,tool_only,sharepacks/2026-01-01/NorthCarolina4/candidate_universe__tool_only__dr004_v2_k3.json,NorthCarolina4,2025-12-31,Midday,416,146,19,0,due_doubles_mirror_single:Combined:seed=001,due_doubles_mirror_single,Combined,BOX,6,6,1,0,0,0,0,0
2026-01-01,sharepacks,tool_only,sharepacks/2026-01-01/NorthCarolina4/candidate_universe__tool_only__dr004_v2_k3.json,NorthCarolina4,2025-12-31,Midday,416,146,19,0,due_doubles_mirror_single:Evening:seed=001,due_doubles_mirror_single,Evening,BOX,6,6,1,0,0,0,0,0
2026-01-01,sharepacks,tool_only,sharepacks/2026-01-01/NorthCarolina4/candidate_universe__tool_only__dr004_v2_k3.json,NorthCarolina4,2025-12-31,Midday,416,146,19,0,due_doubles_mirror_single:Midday:seed=001,due_doubles_mirror_single,Midday,BOX,6,6,1,0,0,0,0,0
2026-01-01,sharepacks,tool_only,sharepacks/2026-01-01/NorthCarolina4/candidate_universe__tool_only__dr004_v2_k3.json,NorthCarolina4,2025-12-31,Midday,416,146,19,0,hot_zones_top_triads,hot_zones_top,Unknown,STRAIGHT,8,8,1,0,0,0,0,0
2026-01-01,sharepacks,tool_only,sharepacks/2026-01-01/NorthCarolina4/candidate_universe__tool_only__dr004_v2_k3.json,NorthCarolina4,2025-12-31,Midday,416,146,19,0,mirror_pair_closure:pair=2/7,mirror_pair_closure,Unknown,BOX,18,18,1,0,0,0,0,0
2026-01-01,sharepacks,tool_only,sharepacks/2026-01-01/NorthCarolina4/candidate_universe__tool_only__dr004_v2_k3.json,NorthCarolina4,2025-12-31,Midday,416,146,19,0,mirror_pair_closure:pair=4/9,mirror_pair_closure,Unknown,BOX,18,18,1,0,0,0,0,0
2026-01-01,sharepacks,tool_only,sharepacks/2026-01-01/NorthCarolina4/candidate_universe__tool_only__dr004_v2_k3.json,NorthCarolina4,2025-12-31,Midday,416,146,19,0,stable_top:Combined,stable_top,Combined,BOX,9,9,1,0,0,0,0,0
2026-01-01,sharepacks,tool_only,sharepacks/2026-01-01/NorthCarolina4/candidate_universe__tool_only__dr004_v2_k3.json,NorthCarolina4,2025-12-31,Midday,416,146,19,0,stable_top:Evening,stable_top,Evening,BOX,9,9,1,0,0,0,0,0
2026-01-01,sharepacks,tool_only,sharepacks/2026-01-01/NorthCarolina4/candidate_universe__tool_only__dr004_v2_k3.json,NorthCarolina4,2025-12-31,Midday,416,146,19,0,stable_top:Midday,stable_top,Midday,BOX,9,9,1,0,0,0,0,0
2026-01-01,sharepacks,tool_only,sharepacks/2026-01-01/NorthCarolina4/candidate_universe__tool_only__dr004_v2_k3.json,NorthCarolina4,2025-12-31,Midday,416,146,19,0,vtrac_top_straights,vtrac_enhanced_top,Unknown,STRAIGHT,8,8,1,0,0,0,0,0
2026-01-01,sharepacks,tool_only,sharepacks/2026-01-01/Ohio4/candidate_universe__tool_only__dr004_v2_k3.json,Ohio4,2025-12-31,Evening,416,146,19,0,__UNION__,union,Unknown,MIXED,177,177,1,0,0,0,1,1
2026-01-01,sharepacks,tool_only,sharepacks/2026-01-01/Ohio4/candidate_universe__tool_only__dr004_v2_k3.json,Ohio4,2025-12-31,Evening,416,146,19,0,aux_positional_shortlist,aux_positional,Unknown,STRAIGHT,10,10,1,0,0,0,0,0
2026-01-01,sharepacks,tool_only,sharepacks/2026-01-01/Ohio4/candidate_universe__tool_only__dr004_v2_k3.json,Ohio4,2025-12-31,Evening,416,146,19,0,aux_vtrac_index_overdue:Combined:idx=10,aux_vtrac_index_overdue,Combined,STRAIGHT,24,24,1,0,0,0,0,0
2026-01-01,sharepacks,tool_only,sharepacks/2026-01-01/Ohio4/candidate_universe__tool_only__dr004_v2_k3.json,Ohio4,2025-12-31,Evening,416,146,19,0,aux_vtrac_index_overdue:Combined:idx=16,aux_vtrac_index_overdue,Combined,STRAIGHT,6,6,1,0,0,0,0,0
2026-01-01,sharepacks,tool_only,sharepacks/2026-01-01/Ohio4/candidate_universe__tool_only__dr004_v2_k3.json,Ohio4,2025-12-31,Evening,416,146,19,0,aux_vtrac_index_overdue:Evening:idx=16,aux_vtrac_index_overdue,Evening,STRAIGHT,6,6,1,0,0,0,0,0
2026-01-01,sharepacks,tool_only,sharepacks/2026-01-01/Ohio4/candidate_universe__tool_only__dr004_v2_k3.json,Ohio4,2025-12-31,Evening,416,146,19,0,aux_vtrac_index_overdue:Evening:idx=35,aux_vtrac_index_overdue,Evening,STRAIGHT,6,6,1,0,0,0,0,0
2026-01-01,sharepacks,tool_only,sharepacks/2026-01-01/Ohio4/candidate_universe__tool_only__dr004_v2_k3.json,Ohio4,2025-12-31,Evening,416,146,19,0,aux_vtrac_index_overdue:Midday:idx=16,aux_vtrac_index_overdue,Midday,STRAIGHT,6,6,1,0,0,0,0,0
2026-01-01,sharepacks,tool_only,sharepacks/2026-01-01/Ohio4/candidate_universe__tool_only__dr004_v2_k3.json,Ohio4,2025-12-31,Evening,416,146,19,0,aux_vtrac_index_overdue:Midday:idx=28,aux_vtrac_index_overdue,Midday,STRAIGHT,24,24,1,0,0,0,0,0
2026-01-01,sharepacks,tool_only,sharepacks/2026-01-01/Ohio4/candidate_universe__tool_only__dr004_v2_k3.json,Ohio4,2025-12-31,Evening,416,146,19,0,combo_pack:PackA_vt8:seed=016,PackA_vt8,Unknown,STRAIGHT,8,8,1,0,0,0,0,0
2026-01-01,sharepacks,tool_only,sharepacks/2026-01-01/Ohio4/candidate_universe__tool_only__dr004_v2_k3.json,Ohio4,2025-12-31,Evening,416,146,19,0,combo_pack:PackB_mirror3rd:seed=016,PackB_mirror3rd,Unknown,STRAIGHT,8,8,1,0,0,0,0,0
2026-01-01,sharepacks,tool_only,sharepacks/2026-01-01/Ohio4/candidate_universe__tool_only__dr004_v2_k3.json,Ohio4,2025-12-31,Evening,416,146,19,0,combo_pack:R-perm-4:envelope,R-perm-4,Unknown,STRAIGHT,16,16,1,0,0,0,1,1
2026-01-01,sharepacks,tool_only,sharepacks/2026-01-01/Ohio4/candidate_universe__tool_only__dr004_v2_k3.json,Ohio4,2025-12-31,Evening,416,146,19,0,combo_pack:consensus_double_9:trigger=7:keys=096,consensus_double_9,Unknown,MIXED,9,9,1,0,0,0,0,0
2026-01-01,sharepacks,tool_only,sharepacks/2026-01-01/Ohio4/candidate_universe__tool_only__dr004_v2_k3.json,Ohio4,2025-12-31,Evening,416,146,19,0,digit_reduction_dr004:Combined:top3,digit_reduction_dr004,Combined,BOX,7,7,1,0,0,0,0,0
2026-01-01,sharepacks,tool_only,sharepacks/2026-01-01/Ohio4/candidate_universe__tool_only__dr004_v2_k3.json,Ohio4,2025-12-31,Evening,416,146,19,0,digit_reduction_dr004:Evening:top3,digit_reduction_dr004,Evening,BOX,13,13,1,0,0,0,0,0
2026-01-01,sharepacks,tool_only,sharepacks/2026-01-01/Ohio4/candidate_universe__tool_only__dr004_v2_k3.json,Ohio4,2025-12-31,Evening,416,146,19,0,digit_reduction_dr004:Midday:top3,digit_reduction_dr004,Midday,BOX,13,13,1,0,0,0,0,0
2026-01-01,sharepacks,tool_only,sharepacks/2026-01-01/Ohio4/candidate_universe__tool_only__dr004_v2_k3.json,Ohio4,2025-12-31,Evening,416,146,19,0,due_doubles:Combined,due_doubles,Combined,BOX,12,12,1,0,0,0,1,1
2026-01-01,sharepacks,tool_only,sharepacks/2026-01-01/Ohio4/candidate_universe__tool_only__dr004_v2_k3.json,Ohio4,2025-12-31,Evening,416,146,19,0,due_doubles:Evening,due_doubles,Evening,BOX,12,12,1,0,0,0,1,1
2026-01-01,sharepacks,tool_only,sharepacks/2026-01-01/Ohio4/candidate_universe__tool_only__dr004_v2_k3.json,Ohio4,2025-12-31,Evening,416,146,19,0,due_doubles:Midday,due_doubles,Midday,BOX,12,12,1,0,0,0,1,1
2026-01-01,sharepacks,tool_only,sharepacks/2026-01-01/Ohio4/candidate_universe__tool_only__dr004_v2_k3.json,Ohio4,2025-12-31,Evening,416,146,19,0,due_doubles_mirror_double:Combined:seed=009,due_doubles_mirror_double,Combined,BOX,6,6,1,0,0,0,0,0
2026-01-01,sharepacks,tool_only,sharepacks/2026-01-01/Ohio4/candidate_universe__tool_only__dr004_v2_k3.json,Ohio4,2025-12-31,Evening,416,146,19,0,due_doubles_mirror_double:Evening:seed=009,due_doubles_mirror_double,Evening,BOX,6,6,1,0,0,0,0,0
2026-01-01,sharepacks,tool_only,sharepacks/2026-01-01/Ohio4/candidate_universe__tool_only__dr004_v2_k3.json,Ohio4,2025-12-31,Evening,416,146,19,0,due_doubles_mirror_double:Midday:seed=009,due_doubles_mirror_double,Midday,BOX,6,6,1,0,0,0,0,0
2026-01-01,sharepacks,tool_only,sharepacks/2026-01-01/Ohio4/candidate_universe__tool_only__dr004_v2_k3.json,Ohio4,2025-12-31,Evening,416,146,19,0,due_doubles_mirror_single:Combined:seed=009,due_doubles_mirror_single,Combined,BOX,6,6,1,0,0,0,0,0
2026-01-01,sharepacks,tool_only,sharepacks/2026-01-01/Ohio4/candidate_universe__tool_only__dr004_v2_k3.json,Ohio4,2025-12-31,Evening,416,146,19,0,due_doubles_mirror_single:Evening:seed=009,due_doubles_mirror_single,Evening,BOX,6,6,1,0,0,0,0,0
2026-01-01,sharepacks,tool_only,sharepacks/2026-01-01/Ohio4/candidate_universe__tool_only__dr004_v2_k3.json,Ohio4,2025-12-31,Evening,416,146,19,0,due_doubles_mirror_single:Midday:seed=009,due_doubles_mirror_single,Midday,BOX,6,6,1,0,0,0,0,0
2026-01-01,sharepacks,tool_only,sharepacks/2026-01-01/Ohio4/candidate_universe__tool_only__dr004_v2_k3.json,Ohio4,2025-12-31,Evening,416,146,19,0,hot_zones_top_triads,hot_zones_top,Unknown,STRAIGHT,8,8,1,0,0,0,0,0
2026-01-01,sharepacks,tool_only,sharepacks/2026-01-01/Ohio4/candidate_universe__tool_only__dr004_v2_k3.json,Ohio4,2025-12-31,Evening,416,146,19,0,mirror_pair_closure:pair=0/5,mirror_pair_closure,Unknown,BOX,18,18,1,0,0,0,0,0
2026-01-01,sharepacks,tool_only,sharepacks/2026-01-01/Ohio4/candidate_universe__tool_only__dr004_v2_k3.json,Ohio4,2025-12-31,Evening,416,146,19,0,mirror_pair_closure:pair=2/7,mirror_pair_closure,Unknown,BOX,18,18,1,0,0,0,0,0
2026-01-01,sharepacks,tool_only,sharepacks/2026-01-01/Ohio4/candidate_universe__tool_only__dr004_v2_k3.json,Ohio4,2025-12-31,Evening,416,146,19,0,stable_top:Combined,stable_top,Combined,BOX,12,12,1,0,0,0,0,0
2026-01-01,sharepacks,tool_only,sharepacks/2026-01-01/Ohio4/candidate_universe__tool_only__dr004_v2_k3.json,Ohio4,2025-12-31,Evening,416,146,19,0,stable_top:Evening,stable_top,Evening,BOX,12,12,1,0,0,0,0,0
2026-01-01,sharepacks,tool_only,sharepacks/2026-01-01/Ohio4/candidate_universe__tool_only__dr004_v2_k3.json,Ohio4,2025-12-31,Evening,416,146,19,0,stable_top:Midday,stable_top,Midday,BOX,12,12,1,0,0,0,0,0
2026-01-01,sharepacks,tool_only,sharepacks/2026-01-01/Ohio4/candidate_universe__tool_only__dr004_v2_k3.json,Ohio4,2025-12-31,Evening,416,146,19,0,vtrac_top_straights,vtrac_enhanced_top,Unknown,STRAIGHT,8,8,1,0,0,0,0,0
2026-01-01,sharepacks,tool_only,sharepacks/2026-01-01/Ohio4/candidate_universe__tool_only__dr004_v2_k3.json,Ohio4,2025-12-31,Midday,746,467,22,0,__UNION__,union,Unknown,MIXED,177,177,1,0,0,0,0,0
2026-01-01,sharepacks,tool_only,sharepacks/2026-01-01/Ohio4/candidate_universe__tool_only__dr004_v2_k3.json,Ohio4,2025-12-31,Midday,746,467,22,0,aux_positional_shortlist,aux_positional,Unknown,STRAIGHT,10,10,1,0,0,0,0,0
2026-01-01,sharepacks,tool_only,sharepacks/2026-01-01/Ohio4/candidate_universe__tool_only__dr004_v2_k3.json,Ohio4,2025-12-31,Midday,746,467,22,0,aux_vtrac_index_overdue:Combined:idx=10,aux_vtrac_index_overdue,Combined,STRAIGHT,24,24,1,0,0,0,0,0
2026-01-01,sharepacks,tool_only,sharepacks/2026-01-01/Ohio4/candidate_universe__tool_only__dr004_v2_k3.json,Ohio4,2025-12-31,Midday,746,467,22,0,aux_vtrac_index_overdue:Combined:idx=16,aux_vtrac_index_overdue,Combined,STRAIGHT,6,6,1,0,0,0,0,0
2026-01-01,sharepacks,tool_only,sharepacks/2026-01-01/Ohio4/candidate_universe__tool_only__dr004_v2_k3.json,Ohio4,2025-12-31,Midday,746,467,22,0,aux_vtrac_index_overdue:Evening:idx=16,aux_vtrac_index_overdue,Evening,STRAIGHT,6,6,1,0,0,0,0,0
2026-01-01,sharepacks,tool_only,sharepacks/2026-01-01/Ohio4/candidate_universe__tool_only__dr004_v2_k3.json,Ohio4,2025-12-31,Midday,746,467,22,0,aux_vtrac_index_overdue:Evening:idx=35,aux_vtrac_index_overdue,Evening,STRAIGHT,6,6,1,0,0,0,0,0
2026-01-01,sharepacks,tool_only,sharepacks/2026-01-01/Ohio4/candidate_universe__tool_only__dr004_v2_k3.json,Ohio4,2025-12-31,Midday,746,467,22,0,aux_vtrac_index_overdue:Midday:idx=16,aux_vtrac_index_overdue,Midday,STRAIGHT,6,6,1,0,0,0,0,0
2026-01-01,sharepacks,tool_only,sharepacks/2026-01-01/Ohio4/candidate_universe__tool_only__dr004_v2_k3.json,Ohio4,2025-12-31,Midday,746,467,22,0,aux_vtrac_index_overdue:Midday:idx=28,aux_vtrac_index_overdue,Midday,STRAIGHT,24,24,1,0,0,0,0,0
2026-01-01,sharepacks,tool_only,sharepacks/2026-01-01/Ohio4/candidate_universe__tool_only__dr004_v2_k3.json,Ohio4,2025-12-31,Midday,746,467,22,0,combo_pack:PackA_vt8:seed=016,PackA_vt8,Unknown,STRAIGHT,8,8,1,0,0,0,0,0
2026-01-01,sharepacks,tool_only,sharepacks/2026-01-01/Ohio4/candidate_universe__tool_only__dr004_v2_k3.json,Ohio4,2025-12-31,Midday,746,467,22,0,combo_pack:PackB_mirror3rd:seed=016,PackB_mirror3rd,Unknown,STRAIGHT,8,8,1,0,0,0,0,0
2026-01-01,sharepacks,tool_only,sharepacks/2026-01-01/Ohio4/candidate_universe__tool_only__dr004_v2_k3.json,Ohio4,2025-12-31,Midday,746,467,22,0,combo_pack:R-perm-4:envelope,R-perm-4,Unknown,STRAIGHT,16,16,1,0,0,0,0,0
2026-01-01,sharepacks,tool_only,sharepacks/2026-01-01/Ohio4/candidate_universe__tool_only__dr004_v2_k3.json,Ohio4,2025-12-31,Midday,746,467,22,0,combo_pack:consensus_double_9:trigger=7:keys=096,consensus_double_9,Unknown,MIXED,9,9,1,0,0,0,0,0
2026-01-01,sharepacks,tool_only,sharepacks/2026-01-01/Ohio4/candidate_universe__tool_only__dr004_v2_k3.json,Ohio4,2025-12-31,Midday,746,467,22,0,digit_reduction_dr004:Combined:top3,digit_reduction_dr004,Combined,BOX,7,7,1,0,0,0,0,0
2026-01-01,sharepacks,tool_only,sharepacks/2026-01-01/Ohio4/candidate_universe__tool_only__dr004_v2_k3.json,Ohio4,2025-12-31,Midday,746,467,22,0,digit_reduction_dr004:Evening:top3,digit_reduction_dr004,Evening,BOX,13,13,1,0,0,0,0,0
2026-01-01,sharepacks,tool_only,sharepacks/2026-01-01/Ohio4/candidate_universe__tool_only__dr004_v2_k3.json,Ohio4,2025-12-31,Midday,746,467,22,0,digit_reduction_dr004:Midday:top3,digit_reduction_dr004,Midday,BOX,13,13,1,0,0,0,0,0
2026-01-01,sharepacks,tool_only,sharepacks/2026-01-01/Ohio4/candidate_universe__tool_only__dr004_v2_k3.json,Ohio4,2025-12-31,Midday,746,467,22,0,due_doubles:Combined,due_doubles,Combined,BOX,12,12,1,0,0,0,0,0
2026-01-01,sharepacks,tool_only,sharepacks/2026-01-01/Ohio4/candidate_universe__tool_only__dr004_v2_k3.json,Ohio4,2025-12-31,Midday,746,467,22,0,due_doubles:Evening,due_doubles,Evening,BOX,12,12,1,0,0,0,0,0
2026-01-01,sharepacks,tool_only,sharepacks/2026-01-01/Ohio4/candidate_universe__tool_only__dr004_v2_k3.json,Ohio4,2025-12-31,Midday,746,467,22,0,due_doubles:Midday,due_doubles,Midday,BOX,12,12,1,0,0,0,0,0
2026-01-01,sharepacks,tool_only,sharepacks/2026-01-01/Ohio4/candidate_universe__tool_only__dr004_v2_k3.json,Ohio4,2025-12-31,Midday,746,467,22,0,due_doubles_mirror_double:Combined:seed=009,due_doubles_mirror_double,Combined,BOX,6,6,1,0,0,0,0,0
2026-01-01,sharepacks,tool_only,sharepacks/2026-01-01/Ohio4/candidate_universe__tool_only__dr004_v2_k3.json,Ohio4,2025-12-31,Midday,746,467,22,0,due_doubles_mirror_double:Evening:seed=009,due_doubles_mirror_double,Evening,BOX,6,6,1,0,0,0,0,0
2026-01-01,sharepacks,tool_only,sharepacks/2026-01-01/Ohio4/candidate_universe__tool_only__dr004_v2_k3.json,Ohio4,2025-12-31,Midday,746,467,22,0,due_doubles_mirror_double:Midday:seed=009,due_doubles_mirror_double,Midday,BOX,6,6,1,0,0,0,0,0
2026-01-01,sharepacks,tool_only,sharepacks/2026-01-01/Ohio4/candidate_universe__tool_only__dr004_v2_k3.json,Ohio4,2025-12-31,Midday,746,467,22,0,due_doubles_mirror_single:Combined:seed=009,due_doubles_mirror_single,Combined,BOX,6,6,1,0,0,0,0,0
2026-01-01,sharepacks,tool_only,sharepacks/2026-01-01/Ohio4/candidate_universe__tool_only__dr004_v2_k3.json,Ohio4,2025-12-31,Midday,746,467,22,0,due_doubles_mirror_single:Evening:seed=009,due_doubles_mirror_single,Evening,BOX,6,6,1,0,0,0,0,0
2026-01-01,sharepacks,tool_only,sharepacks/2026-01-01/Ohio4/candidate_universe__tool_only__dr004_v2_k3.json,Ohio4,2025-12-31,Midday,746,467,22,0,due_doubles_mirror_single:Midday:seed=009,due_doubles_mirror_single,Midday,BOX,6,6,1,0,0,0,0,0
2026-01-01,sharepacks,tool_only,sharepacks/2026-01-01/Ohio4/candidate_universe__tool_only__dr004_v2_k3.json,Ohio4,2025-12-31,Midday,746,467,22,0,hot_zones_top_triads,hot_zones_top,Unknown,STRAIGHT,8,8,1,0,0,0,0,0
2026-01-01,sharepacks,tool_only,sharepacks/2026-01-01/Ohio4/candidate_universe__tool_only__dr004_v2_k3.json,Ohio4,2025-12-31,Midday,746,467,22,0,mirror_pair_closure:pair=0/5,mirror_pair_closure,Unknown,BOX,18,18,1,0,0,0,0,0
2026-01-01,sharepacks,tool_only,sharepacks/2026-01-01/Ohio4/candidate_universe__tool_only__dr004_v2_k3.json,Ohio4,2025-12-31,Midday,746,467,22,0,mirror_pair_closure:pair=2/7,mirror_pair_closure,Unknown,BOX,18,18,1,0,0,0,0,0
2026-01-01,sharepacks,tool_only,sharepacks/2026-01-01/Ohio4/candidate_universe__tool_only__dr004_v2_k3.json,Ohio4,2025-12-31,Midday,746,467,22,0,stable_top:Combined,stable_top,Combined,BOX,12,12,1,0,0,0,0,0
2026-01-01,sharepacks,tool_only,sharepacks/2026-01-01/Ohio4/candidate_universe__tool_only__dr004_v2_k3.json,Ohio4,2025-12-31,Midday,746,467,22,0,stable_top:Evening,stable_top,Evening,BOX,12,12,1,0,0,0,0,0
2026-01-01,sharepacks,tool_only,sharepacks/2026-01-01/Ohio4/candidate_universe__tool_only__dr004_v2_k3.json,Ohio4,2025-12-31,Midday,746,467,22,0,stable_top:Midday,stable_top,Midday,BOX,12,12,1,0,0,0,0,0
2026-01-01,sharepacks,tool_only,sharepacks/2026-01-01/Ohio4/candidate_universe__tool_only__dr004_v2_k3.json,Ohio4,2025-12-31,Midday,746,467,22,0,vtrac_top_straights,vtrac_enhanced_top,Unknown,STRAIGHT,8,8,1,0,0,0,0,0
2026-01-01,sharepacks,tool_only,sharepacks/2026-01-01/OntarioCanada4/candidate_universe__tool_only__dr004_v2_k3.json,OntarioCanada4,2025-12-31,Evening,546,456,9,0,__UNION__,union,Unknown,MIXED,189,189,1,1,0,1,1,0
2026-01-01,sharepacks,tool_only,sharepacks/2026-01-01/OntarioCanada4/candidate_universe__tool_only__dr004_v2_k3.json,OntarioCanada4,2025-12-31,Evening,546,456,9,0,aux_positional_shortlist,aux_positional,Unknown,STRAIGHT,10,10,1,0,0,0,0,0
2026-01-01,sharepacks,tool_only,sharepacks/2026-01-01/OntarioCanada4/candidate_universe__tool_only__dr004_v2_k3.json,OntarioCanada4,2025-12-31,Evening,546,456,9,0,aux_vtrac_index_overdue:Combined:idx=1,aux_vtrac_index_overdue,Combined,STRAIGHT,6,6,1,0,0,0,0,0
2026-01-01,sharepacks,tool_only,sharepacks/2026-01-01/OntarioCanada4/candidate_universe__tool_only__dr004_v2_k3.json,OntarioCanada4,2025-12-31,Evening,546,456,9,0,aux_vtrac_index_overdue:Combined:idx=16,aux_vtrac_index_overdue,Combined,STRAIGHT,6,6,1,0,0,0,0,0
2026-01-01,sharepacks,tool_only,sharepacks/2026-01-01/OntarioCanada4/candidate_universe__tool_only__dr004_v2_k3.json,OntarioCanada4,2025-12-31,Evening,546,456,9,0,aux_vtrac_index_overdue:Evening:idx=1,aux_vtrac_index_overdue,Evening,STRAIGHT,6,6,1,0,0,0,0,0
2026-01-01,sharepacks,tool_only,sharepacks/2026-01-01/OntarioCanada4/candidate_universe__tool_only__dr004_v2_k3.json,OntarioCanada4,2025-12-31,Evening,546,456,9,0,aux_vtrac_index_overdue:Evening:idx=35,aux_vtrac_index_overdue,Evening,STRAIGHT,6,6,1,0,0,0,0,0
2026-01-01,sharepacks,tool_only,sharepacks/2026-01-01/OntarioCanada4/candidate_universe__tool_only__dr004_v2_k3.json,OntarioCanada4,2025-12-31,Evening,546,456,9,0,aux_vtrac_index_overdue:Midday:idx=1,aux_vtrac_index_overdue,Midday,STRAIGHT,6,6,1,0,0,0,0,0
2026-01-01,sharepacks,tool_only,sharepacks/2026-01-01/OntarioCanada4/candidate_universe__tool_only__dr004_v2_k3.json,OntarioCanada4,2025-12-31,Evening,546,456,9,0,aux_vtrac_index_overdue:Midday:idx=34,aux_vtrac_index_overdue,Midday,STRAIGHT,24,24,1,0,0,0,0,0
2026-01-01,sharepacks,tool_only,sharepacks/2026-01-01/OntarioCanada4/candidate_universe__tool_only__dr004_v2_k3.json,OntarioCanada4,2025-12-31,Evening,546,456,9,0,combo_pack:PackA_vt8:seed=014,PackA_vt8,Unknown,STRAIGHT,8,8,1,0,0,0,1,1
2026-01-01,sharepacks,tool_only,sharepacks/2026-01-01/OntarioCanada4/candidate_universe__tool_only__dr004_v2_k3.json,OntarioCanada4,2025-12-31,Evening,546,456,9,0,combo_pack:PackB_mirror3rd:seed=014,PackB_mirror3rd,Unknown,STRAIGHT,12,12,1,0,0,0,1,1
2026-01-01,sharepacks,tool_only,sharepacks/2026-01-01/OntarioCanada4/candidate_universe__tool_only__dr004_v2_k3.json,OntarioCanada4,2025-12-31,Evening,546,456,9,0,combo_pack:R-perm-4:envelope,R-perm-4,Unknown,STRAIGHT,16,16,1,0,0,0,1,1
2026-01-01,sharepacks,tool_only,sharepacks/2026-01-01/OntarioCanada4/candidate_universe__tool_only__dr004_v2_k3.json,OntarioCanada4,2025-12-31,Evening,546,456,9,0,combo_pack:consensus_double_9:trigger=1:keys=405,consensus_double_9,Unknown,MIXED,9,9,1,0,0,0,0,0
2026-01-01,sharepacks,tool_only,sharepacks/2026-01-01/OntarioCanada4/candidate_universe__tool_only__dr004_v2_k3.json,OntarioCanada4,2025-12-31,Evening,546,456,9,0,digit_reduction_dr004:Combined:top3,digit_reduction_dr004,Combined,BOX,13,13,1,0,0,0,0,0
2026-01-01,sharepacks,tool_only,sharepacks/2026-01-01/OntarioCanada4/candidate_universe__tool_only__dr004_v2_k3.json,OntarioCanada4,2025-12-31,Evening,546,456,9,0,digit_reduction_dr004:Evening:top3,digit_reduction_dr004,Evening,BOX,8,8,1,0,0,0,0,0
2026-01-01,sharepacks,tool_only,sharepacks/2026-01-01/OntarioCanada4/candidate_universe__tool_only__dr004_v2_k3.json,OntarioCanada4,2025-12-31,Evening,546,456,9,0,digit_reduction_dr004:Midday:top3,digit_reduction_dr004,Midday,BOX,8,8,1,0,0,0,0,0
2026-01-01,sharepacks,tool_only,sharepacks/2026-01-01/OntarioCanada4/candidate_universe__tool_only__dr004_v2_k3.json,OntarioCanada4,2025-12-31,Evening,546,456,9,0,due_doubles:Combined,due_doubles,Combined,BOX,12,12,1,0,0,0,0,0
2026-01-01,sharepacks,tool_only,sharepacks/2026-01-01/OntarioCanada4/candidate_universe__tool_only__dr004_v2_k3.json,OntarioCanada4,2025-12-31,Evening,546,456,9,0,due_doubles:Evening,due_doubles,Evening,BOX,12,12,1,0,0,0,0,0
2026-01-01,sharepacks,tool_only,sharepacks/2026-01-01/OntarioCanada4/candidate_universe__tool_only__dr004_v2_k3.json,OntarioCanada4,2025-12-31,Evening,546,456,9,0,due_doubles:Midday,due_doubles,Midday,BOX,12,12,1,0,0,0,0,0
2026-01-01,sharepacks,tool_only,sharepacks/2026-01-01/OntarioCanada4/candidate_universe__tool_only__dr004_v2_k3.json,OntarioCanada4,2025-12-31,Evening,546,456,9,0,due_doubles_mirror_double:Combined:seed=004,due_doubles_mirror_double,Combined,BOX,6,6,1,0,0,0,0,0
2026-01-01,sharepacks,tool_only,sharepacks/2026-01-01/OntarioCanada4/candidate_universe__tool_only__dr004_v2_k3.json,OntarioCanada4,2025-12-31,Evening,546,456,9,0,due_doubles_mirror_double:Evening:seed=004,due_doubles_mirror_double,Evening,BOX,6,6,1,0,0,0,0,0
2026-01-01,sharepacks,tool_only,sharepacks/2026-01-01/OntarioCanada4/candidate_universe__tool_only__dr004_v2_k3.json,OntarioCanada4,2025-12-31,Evening,546,456,9,0,due_doubles_mirror_double:Midday:seed=004,due_doubles_mirror_double,Midday,BOX,6,6,1,0,0,0,0,0
2026-01-01,sharepacks,tool_only,sharepacks/2026-01-01/OntarioCanada4/candidate_universe__tool_only__dr004_v2_k3.json,OntarioCanada4,2025-12-31,Evening,546,456,9,0,due_doubles_mirror_single:Combined:seed=004,due_doubles_mirror_single,Combined,BOX,6,6,1,0,0,0,0,0
2026-01-01,sharepacks,tool_only,sharepacks/2026-01-01/OntarioCanada4/candidate_universe__tool_only__dr004_v2_k3.json,OntarioCanada4,2025-12-31,Evening,546,456,9,0,due_doubles_mirror_single:Evening:seed=004,due_doubles_mirror_single,Evening,BOX,6,6,1,0,0,0,0,0
2026-01-01,sharepacks,tool_only,sharepacks/2026-01-01/OntarioCanada4/candidate_universe__tool_only__dr004_v2_k3.json,OntarioCanada4,2025-12-31,Evening,546,456,9,0,due_doubles_mirror_single:Midday:seed=004,due_doubles_mirror_single,Midday,BOX,6,6,1,0,0,0,0,0
2026-01-01,sharepacks,tool_only,sharepacks/2026-01-01/OntarioCanada4/candidate_universe__tool_only__dr004_v2_k3.json,OntarioCanada4,2025-12-31,Evening,546,456,9,0,hot_zones_top_triads,hot_zones_top,Unknown,STRAIGHT,8,8,1,0,0,0,0,0
2026-01-01,sharepacks,tool_only,sharepacks/2026-01-01/OntarioCanada4/candidate_universe__tool_only__dr004_v2_k3.json,OntarioCanada4,2025-12-31,Evening,546,456,9,0,mirror_pair_closure:pair=1/6,mirror_pair_closure,Unknown,BOX,18,18,1,0,0,0,0,0
2026-01-01,sharepacks,tool_only,sharepacks/2026-01-01/OntarioCanada4/candidate_universe__tool_only__dr004_v2_k3.json,OntarioCanada4,2025-12-31,Evening,546,456,9,0,mirror_pair_closure:pair=3/8,mirror_pair_closure,Unknown,BOX,18,18,1,0,0,0,0,0
2026-01-01,sharepacks,tool_only,sharepacks/2026-01-01/OntarioCanada4/candidate_universe__tool_only__dr004_v2_k3.json,OntarioCanada4,2025-12-31,Evening,546,456,9,0,stable_top:Combined,stable_top,Combined,BOX,9,9,1,0,0,0,0,0
2026-01-01,sharepacks,tool_only,sharepacks/2026-01-01/OntarioCanada4/candidate_universe__tool_only__dr004_v2_k3.json,OntarioCanada4,2025-12-31,Evening,546,456,9,0,stable_top:Evening,stable_top,Evening,BOX,9,9,1,0,0,0,0,0
2026-01-01,sharepacks,tool_only,sharepacks/2026-01-01/OntarioCanada4/candidate_universe__tool_only__dr004_v2_k3.json,OntarioCanada4,2025-12-31,Evening,546,456,9,0,stable_top:Midday,stable_top,Midday,BOX,9,9,1,0,0,0,0,0
2026-01-01,sharepacks,tool_only,sharepacks/2026-01-01/OntarioCanada4/candidate_universe__tool_only__dr004_v2_k3.json,OntarioCanada4,2025-12-31,Evening,546,456,9,0,vtrac_top_straights,vtrac_enhanced_top,Unknown,STRAIGHT,8,8,1,0,0,0,0,0
2026-01-01,sharepacks,tool_only,sharepacks/2026-01-01/OntarioCanada4/candidate_universe__tool_only__dr004_v2_k3.json,OntarioCanada4,2025-12-31,Midday,528,258,11,0,__UNION__,union,Unknown,MIXED,189,189,1,0,0,0,0,0
2026-01-01,sharepacks,tool_only,sharepacks/2026-01-01/OntarioCanada4/candidate_universe__tool_only__dr004_v2_k3.json,OntarioCanada4,2025-12-31,Midday,528,258,11,0,aux_positional_shortlist,aux_positional,Unknown,STRAIGHT,10,10,1,0,0,0,0,0
2026-01-01,sharepacks,tool_only,sharepacks/2026-01-01/OntarioCanada4/candidate_universe__tool_only__dr004_v2_k3.json,OntarioCanada4,2025-12-31,Midday,528,258,11,0,aux_vtrac_index_overdue:Combined:idx=1,aux_vtrac_index_overdue,Combined,STRAIGHT,6,6,1,0,0,0,0,0
2026-01-01,sharepacks,tool_only,sharepacks/2026-01-01/OntarioCanada4/candidate_universe__tool_only__dr004_v2_k3.json,OntarioCanada4,2025-12-31,Midday,528,258,11,0,aux_vtrac_index_overdue:Combined:idx=16,aux_vtrac_index_overdue,Combined,STRAIGHT,6,6,1,0,0,0,0,0
2026-01-01,sharepacks,tool_only,sharepacks/2026-01-01/OntarioCanada4/candidate_universe__tool_only__dr004_v2_k3.json,OntarioCanada4,2025-12-31,Midday,528,258,11,0,aux_vtrac_index_overdue:Evening:idx=1,aux_vtrac_index_overdue,Evening,STRAIGHT,6,6,1,0,0,0,0,0
2026-01-01,sharepacks,tool_only,sharepacks/2026-01-01/OntarioCanada4/candidate_universe__tool_only__dr004_v2_k3.json,OntarioCanada4,2025-12-31,Midday,528,258,11,0,aux_vtrac_index_overdue:Evening:idx=35,aux_vtrac_index_overdue,Evening,STRAIGHT,6,6,1,0,0,0,0,0
2026-01-01,sharepacks,tool_only,sharepacks/2026-01-01/OntarioCanada4/candidate_universe__tool_only__dr004_v2_k3.json,OntarioCanada4,2025-12-31,Midday,528,258,11,0,aux_vtrac_index_overdue:Midday:idx=1,aux_vtrac_index_overdue,Midday,STRAIGHT,6,6,1,0,0,0,0,0
2026-01-01,sharepacks,tool_only,sharepacks/2026-01-01/OntarioCanada4/candidate_universe__tool_only__dr004_v2_k3.json,OntarioCanada4,2025-12-31,Midday,528,258,11,0,aux_vtrac_index_overdue:Midday:idx=34,aux_vtrac_index_overdue,Midday,STRAIGHT,24,24,1,0,0,0,0,0
2026-01-01,sharepacks,tool_only,sharepacks/2026-01-01/OntarioCanada4/candidate_universe__tool_only__dr004_v2_k3.json,OntarioCanada4,2025-12-31,Midday,528,258,11,0,combo_pack:PackA_vt8:seed=014,PackA_vt8,Unknown,STRAIGHT,8,8,1,0,0,0,0,0
2026-01-01,sharepacks,tool_only,sharepacks/2026-01-01/OntarioCanada4/candidate_universe__tool_only__dr004_v2_k3.json,OntarioCanada4,2025-12-31,Midday,528,258,11,0,combo_pack:PackB_mirror3rd:seed=014,PackB_mirror3rd,Unknown,STRAIGHT,12,12,1,0,0,0,0,0
2026-01-01,sharepacks,tool_only,sharepacks/2026-01-01/OntarioCanada4/candidate_universe__tool_only__dr004_v2_k3.json,OntarioCanada4,2025-12-31,Midday,528,258,11,0,combo_pack:R-perm-4:envelope,R-perm-4,Unknown,STRAIGHT,16,16,1,0,0,0,0,0
2026-01-01,sharepacks,tool_only,sharepacks/2026-01-01/OntarioCanada4/candidate_universe__tool_only__dr004_v2_k3.json,OntarioCanada4,2025-12-31,Midday,528,258,11,0,combo_pack:consensus_double_9:trigger=1:keys=405,consensus_double_9,Unknown,MIXED,9,9,1,0,0,0,0,0
2026-01-01,sharepacks,tool_only,sharepacks/2026-01-01/OntarioCanada4/candidate_universe__tool_only__dr004_v2_k3.json,OntarioCanada4,2025-12-31,Midday,528,258,11,0,digit_reduction_dr004:Combined:top3,digit_reduction_dr004,Combined,BOX,13,13,1,0,0,0,0,0
2026-01-01,sharepacks,tool_only,sharepacks/2026-01-01/OntarioCanada4/candidate_universe__tool_only__dr004_v2_k3.json,OntarioCanada4,2025-12-31,Midday,528,258,11,0,digit_reduction_dr004:Evening:top3,digit_reduction_dr004,Evening,BOX,8,8,1,0,0,0,0,0
2026-01-01,sharepacks,tool_only,sharepacks/2026-01-01/OntarioCanada4/candidate_universe__tool_only__dr004_v2_k3.json,OntarioCanada4,2025-12-31,Midday,528,258,11,0,digit_reduction_dr004:Midday:top3,digit_reduction_dr004,Midday,BOX,8,8,1,0,0,0,0,0
2026-01-01,sharepacks,tool_only,sharepacks/2026-01-01/OntarioCanada4/candidate_universe__tool_only__dr004_v2_k3.json,OntarioCanada4,2025-12-31,Midday,528,258,11,0,due_doubles:Combined,due_doubles,Combined,BOX,12,12,1,0,0,0,0,0
2026-01-01,sharepacks,tool_only,sharepacks/2026-01-01/OntarioCanada4/candidate_universe__tool_only__dr004_v2_k3.json,OntarioCanada4,2025-12-31,Midday,528,258,11,0,due_doubles:Evening,due_doubles,Evening,BOX,12,12,1,0,0,0,0,0
2026-01-01,sharepacks,tool_only,sharepacks/2026-01-01/OntarioCanada4/candidate_universe__tool_only__dr004_v2_k3.json,OntarioCanada4,2025-12-31,Midday,528,258,11,0,due_doubles:Midday,due_doubles,Midday,BOX,12,12,1,0,0,0,0,0
2026-01-01,sharepacks,tool_only,sharepacks/2026-01-01/OntarioCanada4/candidate_universe__tool_only__dr004_v2_k3.json,OntarioCanada4,2025-12-31,Midday,528,258,11,0,due_doubles_mirror_double:Combined:seed=004,due_doubles_mirror_double,Combined,BOX,6,6,1,0,0,0,0,0
2026-01-01,sharepacks,tool_only,sharepacks/2026-01-01/OntarioCanada4/candidate_universe__tool_only__dr004_v2_k3.json,OntarioCanada4,2025-12-31,Midday,528,258,11,0,due_doubles_mirror_double:Evening:seed=004,due_doubles_mirror_double,Evening,BOX,6,6,1,0,0,0,0,0
2026-01-01,sharepacks,tool_only,sharepacks/2026-01-01/OntarioCanada4/candidate_universe__tool_only__dr004_v2_k3.json,OntarioCanada4,2025-12-31,Midday,528,258,11,0,due_doubles_mirror_double:Midday:seed=004,due_doubles_mirror_double,Midday,BOX,6,6,1,0,0,0,0,0
2026-01-01,sharepacks,tool_only,sharepacks/2026-01-01/OntarioCanada4/candidate_universe__tool_only__dr004_v2_k3.json,OntarioCanada4,2025-12-31,Midday,528,258,11,0,due_doubles_mirror_single:Combined:seed=004,due_doubles_mirror_single,Combined,BOX,6,6,1,0,0,0,0,0
2026-01-01,sharepacks,tool_only,sharepacks/2026-01-01/OntarioCanada4/candidate_universe__tool_only__dr004_v2_k3.json,OntarioCanada4,2025-12-31,Midday,528,258,11,0,due_doubles_mirror_single:Evening:seed=004,due_doubles_mirror_single,Evening,BOX,6,6,1,0,0,0,0,0
2026-01-01,sharepacks,tool_only,sharepacks/2026-01-01/OntarioCanada4/candidate_universe__tool_only__dr004_v2_k3.json,OntarioCanada4,2025-12-31,Midday,528,258,11,0,due_doubles_mirror_single:Midday:seed=004,due_doubles_mirror_single,Midday,BOX,6,6,1,0,0,0,0,0
2026-01-01,sharepacks,tool_only,sharepacks/2026-01-01/OntarioCanada4/candidate_universe__tool_only__dr004_v2_k3.json,OntarioCanada4,2025-12-31,Midday,528,258,11,0,hot_zones_top_triads,hot_zones_top,Unknown,STRAIGHT,8,8,1,0,0,0,0,0
2026-01-01,sharepacks,tool_only,sharepacks/2026-01-01/OntarioCanada4/candidate_universe__tool_only__dr004_v2_k3.json,OntarioCanada4,2025-12-31,Midday,528,258,11,0,mirror_pair_closure:pair=1/6,mirror_pair_closure,Unknown,BOX,18,18,1,0,0,0,0,0
2026-01-01,sharepacks,tool_only,sharepacks/2026-01-01/OntarioCanada4/candidate_universe__tool_only__dr004_v2_k3.json,OntarioCanada4,2025-12-31,Midday,528,258,11,0,mirror_pair_closure:pair=3/8,mirror_pair_closure,Unknown,BOX,18,18,1,0,0,0,0,0
2026-01-01,sharepacks,tool_only,sharepacks/2026-01-01/OntarioCanada4/candidate_universe__tool_only__dr004_v2_k3.json,OntarioCanada4,2025-12-31,Midday,528,258,11,0,stable_top:Combined,stable_top,Combined,BOX,9,9,1,0,0,0,0,0
2026-01-01,sharepacks,tool_only,sharepacks/2026-01-01/OntarioCanada4/candidate_universe__tool_only__dr004_v2_k3.json,OntarioCanada4,2025-12-31,Midday,528,258,11,0,stable_top:Evening,stable_top,Evening,BOX,9,9,1,0,0,0,0,0
2026-01-01,sharepacks,tool_only,sharepacks/2026-01-01/OntarioCanada4/candidate_universe__tool_only__dr004_v2_k3.json,OntarioCanada4,2025-12-31,Midday,528,258,11,0,stable_top:Midday,stable_top,Midday,BOX,9,9,1,0,0,0,0,0
2026-01-01,sharepacks,tool_only,sharepacks/2026-01-01/OntarioCanada4/candidate_universe__tool_only__dr004_v2_k3.json,OntarioCanada4,2025-12-31,Midday,528,258,11,0,vtrac_top_straights,vtrac_enhanced_top,Unknown,STRAIGHT,8,8,1,0,0,0,0,0
2026-01-01,sharepacks,tool_only,sharepacks/2026-01-01/Pennsylvania4/candidate_universe__tool_only__dr004_v2_k3.json,Pennsylvania4,2025-12-31,Evening,328,238,29,0,__UNION__,union,Unknown,MIXED,193,193,1,0,0,0,1,1
2026-01-01,sharepacks,tool_only,sharepacks/2026-01-01/Pennsylvania4/candidate_universe__tool_only__dr004_v2_k3.json,Pennsylvania4,2025-12-31,Evening,328,238,29,0,aux_positional_shortlist,aux_positional,Unknown,STRAIGHT,10,10,1,0,0,0,0,0
2026-01-01,sharepacks,tool_only,sharepacks/2026-01-01/Pennsylvania4/candidate_universe__tool_only__dr004_v2_k3.json,Pennsylvania4,2025-12-31,Evening,328,238,29,0,aux_vtrac_index_overdue:Combined:idx=26,aux_vtrac_index_overdue,Combined,STRAIGHT,6,6,1,0,0,0,0,0
2026-01-01,sharepacks,tool_only,sharepacks/2026-01-01/Pennsylvania4/candidate_universe__tool_only__dr004_v2_k3.json,Pennsylvania4,2025-12-31,Evening,328,238,29,0,aux_vtrac_index_overdue:Combined:idx=32,aux_vtrac_index_overdue,Combined,STRAIGHT,6,6,1,0,0,0,0,0
2026-01-01,sharepacks,tool_only,sharepacks/2026-01-01/Pennsylvania4/candidate_universe__tool_only__dr004_v2_k3.json,Pennsylvania4,2025-12-31,Evening,328,238,29,0,aux_vtrac_index_overdue:Evening:idx=23,aux_vtrac_index_overdue,Evening,STRAIGHT,24,24,1,0,0,0,0,0
2026-01-01,sharepacks,tool_only,sharepacks/2026-01-01/Pennsylvania4/candidate_universe__tool_only__dr004_v2_k3.json,Pennsylvania4,2025-12-31,Evening,328,238,29,0,aux_vtrac_index_overdue:Evening:idx=32,aux_vtrac_index_overdue,Evening,STRAIGHT,6,6,1,0,0,0,0,0
2026-01-01,sharepacks,tool_only,sharepacks/2026-01-01/Pennsylvania4/candidate_universe__tool_only__dr004_v2_k3.json,Pennsylvania4,2025-12-31,Evening,328,238,29,0,aux_vtrac_index_overdue:Midday:idx=1,aux_vtrac_index_overdue,Midday,STRAIGHT,6,6,1,0,0,0,0,0
2026-01-01,sharepacks,tool_only,sharepacks/2026-01-01/Pennsylvania4/candidate_universe__tool_only__dr004_v2_k3.json,Pennsylvania4,2025-12-31,Evening,328,238,29,0,aux_vtrac_index_overdue:Midday:idx=26,aux_vtrac_index_overdue,Midday,STRAIGHT,6,6,1,0,0,0,0,0
2026-01-01,sharepacks,tool_only,sharepacks/2026-01-01/Pennsylvania4/candidate_universe__tool_only__dr004_v2_k3.json,Pennsylvania4,2025-12-31,Evening,328,238,29,0,combo_pack:PackA_vt8:seed=035,PackA_vt8,Unknown,STRAIGHT,8,8,1,0,0,0,0,0
2026-01-01,sharepacks,tool_only,sharepacks/2026-01-01/Pennsylvania4/candidate_universe__tool_only__dr004_v2_k3.json,Pennsylvania4,2025-12-31,Evening,328,238,29,0,combo_pack:PackB_mirror3rd:seed=035,PackB_mirror3rd,Unknown,STRAIGHT,9,9,1,0,0,0,0,0
2026-01-01,sharepacks,tool_only,sharepacks/2026-01-01/Pennsylvania4/candidate_universe__tool_only__dr004_v2_k3.json,Pennsylvania4,2025-12-31,Evening,328,238,29,0,combo_pack:R-perm-4:envelope,R-perm-4,Unknown,STRAIGHT,16,16,1,0,0,0,0,0
2026-01-01,sharepacks,tool_only,sharepacks/2026-01-01/Pennsylvania4/candidate_universe__tool_only__dr004_v2_k3.json,Pennsylvania4,2025-12-31,Evening,328,238,29,0,combo_pack:consensus_double_9:trigger=3:keys=705,consensus_double_9,Unknown,MIXED,9,9,1,0,0,0,1,1
2026-01-01,sharepacks,tool_only,sharepacks/2026-01-01/Pennsylvania4/candidate_universe__tool_only__dr004_v2_k3.json,Pennsylvania4,2025-12-31,Evening,328,238,29,0,digit_reduction_dr004:Combined:top3,digit_reduction_dr004,Combined,BOX,18,18,1,0,0,0,0,0
2026-01-01,sharepacks,tool_only,sharepacks/2026-01-01/Pennsylvania4/candidate_universe__tool_only__dr004_v2_k3.json,Pennsylvania4,2025-12-31,Evening,328,238,29,0,digit_reduction_dr004:Evening:top3,digit_reduction_dr004,Evening,BOX,8,8,1,0,0,0,0,0
2026-01-01,sharepacks,tool_only,sharepacks/2026-01-01/Pennsylvania4/candidate_universe__tool_only__dr004_v2_k3.json,Pennsylvania4,2025-12-31,Evening,328,238,29,0,digit_reduction_dr004:Midday:top3,digit_reduction_dr004,Midday,BOX,13,13,1,0,0,0,0,0
2026-01-01,sharepacks,tool_only,sharepacks/2026-01-01/Pennsylvania4/candidate_universe__tool_only__dr004_v2_k3.json,Pennsylvania4,2025-12-31,Evening,328,238,29,0,due_doubles:Combined,due_doubles,Combined,BOX,12,12,1,0,0,0,0,0
2026-01-01,sharepacks,tool_only,sharepacks/2026-01-01/Pennsylvania4/candidate_universe__tool_only__dr004_v2_k3.json,Pennsylvania4,2025-12-31,Evening,328,238,29,0,due_doubles:Evening,due_doubles,Evening,BOX,12,12,1,0,0,0,0,0
2026-01-01,sharepacks,tool_only,sharepacks/2026-01-01/Pennsylvania4/candidate_universe__tool_only__dr004_v2_k3.json,Pennsylvania4,2025-12-31,Evening,328,238,29,0,due_doubles:Midday,due_doubles,Midday,BOX,12,12,1,0,0,0,0,0
2026-01-01,sharepacks,tool_only,sharepacks/2026-01-01/Pennsylvania4/candidate_universe__tool_only__dr004_v2_k3.json,Pennsylvania4,2025-12-31,Evening,328,238,29,0,due_doubles_mirror_double:Combined:seed=007,due_doubles_mirror_double,Combined,BOX,6,6,1,0,0,0,0,0
2026-01-01,sharepacks,tool_only,sharepacks/2026-01-01/Pennsylvania4/candidate_universe__tool_only__dr004_v2_k3.json,Pennsylvania4,2025-12-31,Evening,328,238,29,0,due_doubles_mirror_double:Evening:seed=007,due_doubles_mirror_double,Evening,BOX,6,6,1,0,0,0,0,0
2026-01-01,sharepacks,tool_only,sharepacks/2026-01-01/Pennsylvania4/candidate_universe__tool_only__dr004_v2_k3.json,Pennsylvania4,2025-12-31,Evening,328,238,29,0,due_doubles_mirror_double:Midday:seed=007,due_doubles_mirror_double,Midday,BOX,6,6,1,0,0,0,0,0
2026-01-01,sharepacks,tool_only,sharepacks/2026-01-01/Pennsylvania4/candidate_universe__tool_only__dr004_v2_k3.json,Pennsylvania4,2025-12-31,Evening,328,238,29,0,due_doubles_mirror_single:Combined:seed=007,due_doubles_mirror_single,Combined,BOX,6,6,1,0,0,0,0,0
2026-01-01,sharepacks,tool_only,sharepacks/2026-01-01/Pennsylvania4/candidate_universe__tool_only__dr004_v2_k3.json,Pennsylvania4,2025-12-31,Evening,328,238,29,0,due_doubles_mirror_single:Evening:seed=007,due_doubles_mirror_single,Evening,BOX,6,6,1,0,0,0,0,0
2026-01-01,sharepacks,tool_only,sharepacks/2026-01-01/Pennsylvania4/candidate_universe__tool_only__dr004_v2_k3.json,Pennsylvania4,2025-12-31,Evening,328,238,29,0,due_doubles_mirror_single:Midday:seed=007,due_doubles_mirror_single,Midday,BOX,6,6,1,0,0,0,0,0
2026-01-01,sharepacks,tool_only,sharepacks/2026-01-01/Pennsylvania4/candidate_universe__tool_only__dr004_v2_k3.json,Pennsylvania4,2025-12-31,Evening,328,238,29,0,hot_zones_top_triads,hot_zones_top,Unknown,STRAIGHT,8,8,1,0,0,0,0,0
2026-01-01,sharepacks,tool_only,sharepacks/2026-01-01/Pennsylvania4/candidate_universe__tool_only__dr004_v2_k3.json,Pennsylvania4,2025-12-31,Evening,328,238,29,0,mirror_pair_closure:pair=2/7,mirror_pair_closure,Unknown,BOX,18,18,1,0,0,0,0,0
2026-01-01,sharepacks,tool_only,sharepacks/2026-01-01/Pennsylvania4/candidate_universe__tool_only__dr004_v2_k3.json,Pennsylvania4,2025-12-31,Evening,328,238,29,0,mirror_pair_closure:pair=3/8,mirror_pair_closure,Unknown,BOX,18,18,1,0,0,0,1,1
2026-01-01,sharepacks,tool_only,sharepacks/2026-01-01/Pennsylvania4/candidate_universe__tool_only__dr004_v2_k3.json,Pennsylvania4,2025-12-31,Evening,328,238,29,0,stable_top:Combined,stable_top,Combined,BOX,12,12,1,0,0,0,0,0
2026-01-01,sharepacks,tool_only,sharepacks/2026-01-01/Pennsylvania4/candidate_universe__tool_only__dr004_v2_k3.json,Pennsylvania4,2025-12-31,Evening,328,238,29,0,stable_top:Evening,stable_top,Evening,BOX,12,12,1,0,0,0,0,0
2026-01-01,sharepacks,tool_only,sharepacks/2026-01-01/Pennsylvania4/candidate_universe__tool_only__dr004_v2_k3.json,Pennsylvania4,2025-12-31,Evening,328,238,29,0,stable_top:Midday,stable_top,Midday,BOX,12,12,1,0,0,0,0,0
2026-01-01,sharepacks,tool_only,sharepacks/2026-01-01/Pennsylvania4/candidate_universe__tool_only__dr004_v2_k3.json,Pennsylvania4,2025-12-31,Evening,328,238,29,0,vtrac_top_straights,vtrac_enhanced_top,Unknown,STRAIGHT,8,8,1,0,0,0,0,0
2026-01-01,sharepacks,tool_only,sharepacks/2026-01-01/Pennsylvania4/candidate_universe__tool_only__dr004_v2_k3.json,Pennsylvania4,2025-12-31,Midday,322,223,27,0,__UNION__,union,Unknown,MIXED,193,193,1,0,0,0,1,1
2026-01-01,sharepacks,tool_only,sharepacks/2026-01-01/Pennsylvania4/candidate_universe__tool_only__dr004_v2_k3.json,Pennsylvania4,2025-12-31,Midday,322,223,27,0,aux_positional_shortlist,aux_positional,Unknown,STRAIGHT,10,10,1,0,0,0,0,0
2026-01-01,sharepacks,tool_only,sharepacks/2026-01-01/Pennsylvania4/candidate_universe__tool_only__dr004_v2_k3.json,Pennsylvania4,2025-12-31,Midday,322,223,27,0,aux_vtrac_index_overdue:Combined:idx=26,aux_vtrac_index_overdue,Combined,STRAIGHT,6,6,1,0,0,0,0,0
2026-01-01,sharepacks,tool_only,sharepacks/2026-01-01/Pennsylvania4/candidate_universe__tool_only__dr004_v2_k3.json,Pennsylvania4,2025-12-31,Midday,322,223,27,0,aux_vtrac_index_overdue:Combined:idx=32,aux_vtrac_index_overdue,Combined,STRAIGHT,6,6,1,0,0,0,0,0
2026-01-01,sharepacks,tool_only,sharepacks/2026-01-01/Pennsylvania4/candidate_universe__tool_only__dr004_v2_k3.json,Pennsylvania4,2025-12-31,Midday,322,223,27,0,aux_vtrac_index_overdue:Evening:idx=23,aux_vtrac_index_overdue,Evening,STRAIGHT,24,24,1,0,0,0,0,0
2026-01-01,sharepacks,tool_only,sharepacks/2026-01-01/Pennsylvania4/candidate_universe__tool_only__dr004_v2_k3.json,Pennsylvania4,2025-12-31,Midday,322,223,27,0,aux_vtrac_index_overdue:Evening:idx=32,aux_vtrac_index_overdue,Evening,STRAIGHT,6,6,1,0,0,0,0,0
2026-01-01,sharepacks,tool_only,sharepacks/2026-01-01/Pennsylvania4/candidate_universe__tool_only__dr004_v2_k3.json,Pennsylvania4,2025-12-31,Midday,322,223,27,0,aux_vtrac_index_overdue:Midday:idx=1,aux_vtrac_index_overdue,Midday,STRAIGHT,6,6,1,0,0,0,0,0
2026-01-01,sharepacks,tool_only,sharepacks/2026-01-01/Pennsylvania4/candidate_universe__tool_only__dr004_v2_k3.json,Pennsylvania4,2025-12-31,Midday,322,223,27,0,aux_vtrac_index_overdue:Midday:idx=26,aux_vtrac_index_overdue,Midday,STRAIGHT,6,6,1,0,0,0,0,0
2026-01-01,sharepacks,tool_only,sharepacks/2026-01-01/Pennsylvania4/candidate_universe__tool_only__dr004_v2_k3.json,Pennsylvania4,2025-12-31,Midday,322,223,27,0,combo_pack:PackA_vt8:seed=035,PackA_vt8,Unknown,STRAIGHT,8,8,1,0,0,0,0,0
2026-01-01,sharepacks,tool_only,sharepacks/2026-01-01/Pennsylvania4/candidate_universe__tool_only__dr004_v2_k3.json,Pennsylvania4,2025-12-31,Midday,322,223,27,0,combo_pack:PackB_mirror3rd:seed=035,PackB_mirror3rd,Unknown,STRAIGHT,9,9,1,0,0,0,0,0
2026-01-01,sharepacks,tool_only,sharepacks/2026-01-01/Pennsylvania4/candidate_universe__tool_only__dr004_v2_k3.json,Pennsylvania4,2025-12-31,Midday,322,223,27,0,combo_pack:R-perm-4:envelope,R-perm-4,Unknown,STRAIGHT,16,16,1,0,0,0,0,0
2026-01-01,sharepacks,tool_only,sharepacks/2026-01-01/Pennsylvania4/candidate_universe__tool_only__dr004_v2_k3.json,Pennsylvania4,2025-12-31,Midday,322,223,27,0,combo_pack:consensus_double_9:trigger=3:keys=705,consensus_double_9,Unknown,MIXED,9,9,1,0,0,0,0,0
2026-01-01,sharepacks,tool_only,sharepacks/2026-01-01/Pennsylvania4/candidate_universe__tool_only__dr004_v2_k3.json,Pennsylvania4,2025-12-31,Midday,322,223,27,0,digit_reduction_dr004:Combined:top3,digit_reduction_dr004,Combined,BOX,18,18,1,0,0,0,0,0
2026-01-01,sharepacks,tool_only,sharepacks/2026-01-01/Pennsylvania4/candidate_universe__tool_only__dr004_v2_k3.json,Pennsylvania4,2025-12-31,Midday,322,223,27,0,digit_reduction_dr004:Evening:top3,digit_reduction_dr004,Evening,BOX,8,8,1,0,0,0,0,0
2026-01-01,sharepacks,tool_only,sharepacks/2026-01-01/Pennsylvania4/candidate_universe__tool_only__dr004_v2_k3.json,Pennsylvania4,2025-12-31,Midday,322,223,27,0,digit_reduction_dr004:Midday:top3,digit_reduction_dr004,Midday,BOX,13,13,1,0,0,0,0,0
2026-01-01,sharepacks,tool_only,sharepacks/2026-01-01/Pennsylvania4/candidate_universe__tool_only__dr004_v2_k3.json,Pennsylvania4,2025-12-31,Midday,322,223,27,0,due_doubles:Combined,due_doubles,Combined,BOX,12,12,1,0,0,0,1,1
2026-01-01,sharepacks,tool_only,sharepacks/2026-01-01/Pennsylvania4/candidate_universe__tool_only__dr004_v2_k3.json,Pennsylvania4,2025-12-31,Midday,322,223,27,0,due_doubles:Evening,due_doubles,Evening,BOX,12,12,1,0,0,0,1,1
2026-01-01,sharepacks,tool_only,sharepacks/2026-01-01/Pennsylvania4/candidate_universe__tool_only__dr004_v2_k3.json,Pennsylvania4,2025-12-31,Midday,322,223,27,0,due_doubles:Midday,due_doubles,Midday,BOX,12,12,1,0,0,0,1,1
2026-01-01,sharepacks,tool_only,sharepacks/2026-01-01/Pennsylvania4/candidate_universe__tool_only__dr004_v2_k3.json,Pennsylvania4,2025-12-31,Midday,322,223,27,0,due_doubles_mirror_double:Combined:seed=007,due_doubles_mirror_double,Combined,BOX,6,6,1,0,0,0,0,0
2026-01-01,sharepacks,tool_only,sharepacks/2026-01-01/Pennsylvania4/candidate_universe__tool_only__dr004_v2_k3.json,Pennsylvania4,2025-12-31,Midday,322,223,27,0,due_doubles_mirror_double:Evening:seed=007,due_doubles_mirror_double,Evening,BOX,6,6,1,0,0,0,0,0
2026-01-01,sharepacks,tool_only,sharepacks/2026-01-01/Pennsylvania4/candidate_universe__tool_only__dr004_v2_k3.json,Pennsylvania4,2025-12-31,Midday,322,223,27,0,due_doubles_mirror_double:Midday:seed=007,due_doubles_mirror_double,Midday,BOX,6,6,1,0,0,0,0,0
2026-01-01,sharepacks,tool_only,sharepacks/2026-01-01/Pennsylvania4/candidate_universe__tool_only__dr004_v2_k3.json,Pennsylvania4,2025-12-31,Midday,322,223,27,0,due_doubles_mirror_single:Combined:seed=007,due_doubles_mirror_single,Combined,BOX,6,6,1,0,0,0,0,0
2026-01-01,sharepacks,tool_only,sharepacks/2026-01-01/Pennsylvania4/candidate_universe__tool_only__dr004_v2_k3.json,Pennsylvania4,2025-12-31,Midday,322,223,27,0,due_doubles_mirror_single:Evening:seed=007,due_doubles_mirror_single,Evening,BOX,6,6,1,0,0,0,0,0
2026-01-01,sharepacks,tool_only,sharepacks/2026-01-01/Pennsylvania4/candidate_universe__tool_only__dr004_v2_k3.json,Pennsylvania4,2025-12-31,Midday,322,223,27,0,due_doubles_mirror_single:Midday:seed=007,due_doubles_mirror_single,Midday,BOX,6,6,1,0,0,0,0,0
2026-01-01,sharepacks,tool_only,sharepacks/2026-01-01/Pennsylvania4/candidate_universe__tool_only__dr004_v2_k3.json,Pennsylvania4,2025-12-31,Midday,322,223,27,0,hot_zones_top_triads,hot_zones_top,Unknown,STRAIGHT,8,8,1,0,0,0,0,0
2026-01-01,sharepacks,tool_only,sharepacks/2026-01-01/Pennsylvania4/candidate_universe__tool_only__dr004_v2_k3.json,Pennsylvania4,2025-12-31,Midday,322,223,27,0,mirror_pair_closure:pair=2/7,mirror_pair_closure,Unknown,BOX,18,18,1,0,0,0,1,1
2026-01-01,sharepacks,tool_only,sharepacks/2026-01-01/Pennsylvania4/candidate_universe__tool_only__dr004_v2_k3.json,Pennsylvania4,2025-12-31,Midday,322,223,27,0,mirror_pair_closure:pair=3/8,mirror_pair_closure,Unknown,BOX,18,18,1,0,0,0,0,0
2026-01-01,sharepacks,tool_only,sharepacks/2026-01-01/Pennsylvania4/candidate_universe__tool_only__dr004_v2_k3.json,Pennsylvania4,2025-12-31,Midday,322,223,27,0,stable_top:Combined,stable_top,Combined,BOX,12,12,1,0,0,0,0,0
2026-01-01,sharepacks,tool_only,sharepacks/2026-01-01/Pennsylvania4/candidate_universe__tool_only__dr004_v2_k3.json,Pennsylvania4,2025-12-31,Midday,322,223,27,0,stable_top:Evening,stable_top,Evening,BOX,12,12,1,0,0,0,0,0
2026-01-01,sharepacks,tool_only,sharepacks/2026-01-01/Pennsylvania4/candidate_universe__tool_only__dr004_v2_k3.json,Pennsylvania4,2025-12-31,Midday,322,223,27,0,stable_top:Midday,stable_top,Midday,BOX,12,12,1,0,0,0,0,0
2026-01-01,sharepacks,tool_only,sharepacks/2026-01-01/Pennsylvania4/candidate_universe__tool_only__dr004_v2_k3.json,Pennsylvania4,2025-12-31,Midday,322,223,27,0,vtrac_top_straights,vtrac_enhanced_top,Unknown,STRAIGHT,8,8,1,0,0,0,0,0
2026-01-01,sharepacks,tool_only,sharepacks/2026-01-01/PuertoRico4/candidate_universe__tool_only__dr004_v2_k3.json,PuertoRico4,2025-12-31,Evening,,,,1,__UNION__,union,Unknown,MIXED,242,242,1,0,0,0,0,0
2026-01-01,sharepacks,tool_only,sharepacks/2026-01-01/PuertoRico4/candidate_universe__tool_only__dr004_v2_k3.json,PuertoRico4,2025-12-31,Evening,,,,1,aux_positional_shortlist,aux_positional,Unknown,STRAIGHT,10,10,1,0,0,0,0,0
2026-01-01,sharepacks,tool_only,sharepacks/2026-01-01/PuertoRico4/candidate_universe__tool_only__dr004_v2_k3.json,PuertoRico4,2025-12-31,Evening,,,,1,aux_vtrac_index_overdue:Combined:idx=10,aux_vtrac_index_overdue,Combined,STRAIGHT,24,24,1,0,0,0,0,0
2026-01-01,sharepacks,tool_only,sharepacks/2026-01-01/PuertoRico4/candidate_universe__tool_only__dr004_v2_k3.json,PuertoRico4,2025-12-31,Evening,,,,1,aux_vtrac_index_overdue:Combined:idx=27,aux_vtrac_index_overdue,Combined,STRAIGHT,24,24,1,0,0,0,0,0
2026-01-01,sharepacks,tool_only,sharepacks/2026-01-01/PuertoRico4/candidate_universe__tool_only__dr004_v2_k3.json,PuertoRico4,2025-12-31,Evening,,,,1,aux_vtrac_index_overdue:Evening:idx=32,aux_vtrac_index_overdue,Evening,STRAIGHT,6,6,1,0,0,0,0,0
2026-01-01,sharepacks,tool_only,sharepacks/2026-01-01/PuertoRico4/candidate_universe__tool_only__dr004_v2_k3.json,PuertoRico4,2025-12-31,Evening,,,,1,aux_vtrac_index_overdue:Evening:idx=35,aux_vtrac_index_overdue,Evening,STRAIGHT,6,6,1,0,0,0,0,0
2026-01-01,sharepacks,tool_only,sharepacks/2026-01-01/PuertoRico4/candidate_universe__tool_only__dr004_v2_k3.json,PuertoRico4,2025-12-31,Evening,,,,1,aux_vtrac_index_overdue:Midday:idx=25,aux_vtrac_index_overdue,Midday,STRAIGHT,24,24,1,0,0,0,0,0
2026-01-01,sharepacks,tool_only,sharepacks/2026-01-01/PuertoRico4/candidate_universe__tool_only__dr004_v2_k3.json,PuertoRico4,2025-12-31,Evening,,,,1,aux_vtrac_index_overdue:Midday:idx=29,aux_vtrac_index_overdue,Midday,STRAIGHT,24,24,1,0,0,0,0,0
2026-01-01,sharepacks,tool_only,sharepacks/2026-01-01/PuertoRico4/candidate_universe__tool_only__dr004_v2_k3.json,PuertoRico4,2025-12-31,Evening,,,,1,combo_pack:PackA_vt8:seed=023,PackA_vt8,Unknown,STRAIGHT,8,8,1,0,0,0,0,0
2026-01-01,sharepacks,tool_only,sharepacks/2026-01-01/PuertoRico4/candidate_universe__tool_only__dr004_v2_k3.json,PuertoRico4,2025-12-31,Evening,,,,1,combo_pack:PackB_mirror3rd:seed=023,PackB_mirror3rd,Unknown,STRAIGHT,12,12,1,0,0,0,0,0
2026-01-01,sharepacks,tool_only,sharepacks/2026-01-01/PuertoRico4/candidate_universe__tool_only__dr004_v2_k3.json,PuertoRico4,2025-12-31,Evening,,,,1,combo_pack:R-perm-4:envelope,R-perm-4,Unknown,STRAIGHT,16,16,1,0,0,0,0,0
2026-01-01,sharepacks,tool_only,sharepacks/2026-01-01/PuertoRico4/candidate_universe__tool_only__dr004_v2_k3.json,PuertoRico4,2025-12-31,Evening,,,,1,combo_pack:consensus_double_9:trigger=2:keys=304,consensus_double_9,Unknown,MIXED,9,9,1,0,0,0,0,0
2026-01-01,sharepacks,tool_only,sharepacks/2026-01-01/PuertoRico4/candidate_universe__tool_only__dr004_v2_k3.json,PuertoRico4,2025-12-31,Evening,,,,1,digit_reduction_dr004:Combined:top3,digit_reduction_dr004,Combined,BOX,13,13,1,0,0,0,0,0
2026-01-01,sharepacks,tool_only,sharepacks/2026-01-01/PuertoRico4/candidate_universe__tool_only__dr004_v2_k3.json,PuertoRico4,2025-12-31,Evening,,,,1,digit_reduction_dr004:Evening:top3,digit_reduction_dr004,Evening,BOX,13,13,1,0,0,0,0,0
2026-01-01,sharepacks,tool_only,sharepacks/2026-01-01/PuertoRico4/candidate_universe__tool_only__dr004_v2_k3.json,PuertoRico4,2025-12-31,Evening,,,,1,digit_reduction_dr004:Midday:top3,digit_reduction_dr004,Midday,BOX,8,8,1,0,0,0,0,0
2026-01-01,sharepacks,tool_only,sharepacks/2026-01-01/PuertoRico4/candidate_universe__tool_only__dr004_v2_k3.json,PuertoRico4,2025-12-31,Evening,,,,1,due_doubles:Combined,due_doubles,Combined,BOX,12,12,1,0,0,0,0,0
2026-01-01,sharepacks,tool_only,sharepacks/2026-01-01/PuertoRico4/candidate_universe__tool_only__dr004_v2_k3.json,PuertoRico4,2025-12-31,Evening,,,,1,due_doubles:Evening,due_doubles,Evening,BOX,12,12,1,0,0,0,0,0
2026-01-01,sharepacks,tool_only,sharepacks/2026-01-01/PuertoRico4/candidate_universe__tool_only__dr004_v2_k3.json,PuertoRico4,2025-12-31,Evening,,,,1,due_doubles:Midday,due_doubles,Midday,BOX,12,12,1,0,0,0,0,0
2026-01-01,sharepacks,tool_only,sharepacks/2026-01-01/PuertoRico4/candidate_universe__tool_only__dr004_v2_k3.json,PuertoRico4,2025-12-31,Evening,,,,1,due_doubles_mirror_double:Combined:seed=022,due_doubles_mirror_double,Combined,BOX,6,6,1,0,0,0,0,0
2026-01-01,sharepacks,tool_only,sharepacks/2026-01-01/PuertoRico4/candidate_universe__tool_only__dr004_v2_k3.json,PuertoRico4,2025-12-31,Evening,,,,1,due_doubles_mirror_double:Evening:seed=022,due_doubles_mirror_double,Evening,BOX,6,6,1,0,0,0,0,0
2026-01-01,sharepacks,tool_only,sharepacks/2026-01-01/PuertoRico4/candidate_universe__tool_only__dr004_v2_k3.json,PuertoRico4,2025-12-31,Evening,,,,1,due_doubles_mirror_double:Midday:seed=022,due_doubles_mirror_double,Midday,BOX,6,6,1,0,0,0,0,0
2026-01-01,sharepacks,tool_only,sharepacks/2026-01-01/PuertoRico4/candidate_universe__tool_only__dr004_v2_k3.json,PuertoRico4,2025-12-31,Evening,,,,1,due_doubles_mirror_single:Combined:seed=022,due_doubles_mirror_single,Combined,BOX,6,6,1,0,0,0,0,0
2026-01-01,sharepacks,tool_only,sharepacks/2026-01-01/PuertoRico4/candidate_universe__tool_only__dr004_v2_k3.json,PuertoRico4,2025-12-31,Evening,,,,1,due_doubles_mirror_single:Evening:seed=022,due_doubles_mirror_single,Evening,BOX,6,6,1,0,0,0,0,0
2026-01-01,sharepacks,tool_only,sharepacks/2026-01-01/PuertoRico4/candidate_universe__tool_only__dr004_v2_k3.json,PuertoRico4,2025-12-31,Evening,,,,1,due_doubles_mirror_single:Midday:seed=022,due_doubles_mirror_single,Midday,BOX,6,6,1,0,0,0,0,0
2026-01-01,sharepacks,tool_only,sharepacks/2026-01-01/PuertoRico4/candidate_universe__tool_only__dr004_v2_k3.json,PuertoRico4,2025-12-31,Evening,,,,1,hot_zones_top_triads,hot_zones_top,Unknown,STRAIGHT,8,8,1,0,0,0,0,0
2026-01-01,sharepacks,tool_only,sharepacks/2026-01-01/PuertoRico4/candidate_universe__tool_only__dr004_v2_k3.json,PuertoRico4,2025-12-31,Evening,,,,1,mirror_pair_closure:pair=2/7,mirror_pair_closure,Unknown,BOX,18,18,1,0,0,0,0,0
2026-01-01,sharepacks,tool_only,sharepacks/2026-01-01/PuertoRico4/candidate_universe__tool_only__dr004_v2_k3.json,PuertoRico4,2025-12-31,Evening,,,,1,mirror_pair_closure:pair=4/9,mirror_pair_closure,Unknown,BOX,18,18,1,0,0,0,0,0
2026-01-01,sharepacks,tool_only,sharepacks/2026-01-01/PuertoRico4/candidate_universe__tool_only__dr004_v2_k3.json,PuertoRico4,2025-12-31,Evening,,,,1,stable_top:Combined,stable_top,Combined,BOX,9,9,1,0,0,0,0,0
2026-01-01,sharepacks,tool_only,sharepacks/2026-01-01/PuertoRico4/candidate_universe__tool_only__dr004_v2_k3.json,PuertoRico4,2025-12-31,Evening,,,,1,stable_top:Evening,stable_top,Evening,BOX,9,9,1,0,0,0,0,0
2026-01-01,sharepacks,tool_only,sharepacks/2026-01-01/PuertoRico4/candidate_universe__tool_only__dr004_v2_k3.json,PuertoRico4,2025-12-31,Evening,,,,1,stable_top:Midday,stable_top,Midday,BOX,12,12,1,0,0,0,0,0
2026-01-01,sharepacks,tool_only,sharepacks/2026-01-01/PuertoRico4/candidate_universe__tool_only__dr004_v2_k3.json,PuertoRico4,2025-12-31,Evening,,,,1,vtrac_top_straights,vtrac_enhanced_top,Unknown,STRAIGHT,8,8,1,0,0,0,0,0
2026-01-01,sharepacks,tool_only,sharepacks/2026-01-01/PuertoRico4/candidate_universe__tool_only__dr004_v2_k3.json,PuertoRico4,2025-12-31,Midday,,,,1,__UNION__,union,Unknown,MIXED,242,242,1,0,0,0,0,0
2026-01-01,sharepacks,tool_only,sharepacks/2026-01-01/PuertoRico4/candidate_universe__tool_only__dr004_v2_k3.json,PuertoRico4,2025-12-31,Midday,,,,1,aux_positional_shortlist,aux_positional,Unknown,STRAIGHT,10,10,1,0,0,0,0,0
2026-01-01,sharepacks,tool_only,sharepacks/2026-01-01/PuertoRico4/candidate_universe__tool_only__dr004_v2_k3.json,PuertoRico4,2025-12-31,Midday,,,,1,aux_vtrac_index_overdue:Combined:idx=10,aux_vtrac_index_overdue,Combined,STRAIGHT,24,24,1,0,0,0,0,0
2026-01-01,sharepacks,tool_only,sharepacks/2026-01-01/PuertoRico4/candidate_universe__tool_only__dr004_v2_k3.json,PuertoRico4,2025-12-31,Midday,,,,1,aux_vtrac_index_overdue:Combined:idx=27,aux_vtrac_index_overdue,Combined,STRAIGHT,24,24,1,0,0,0,0,0
2026-01-01,sharepacks,tool_only,sharepacks/2026-01-01/PuertoRico4/candidate_universe__tool_only__dr004_v2_k3.json,PuertoRico4,2025-12-31,Midday,,,,1,aux_vtrac_index_overdue:Evening:idx=32,aux_vtrac_index_overdue,Evening,STRAIGHT,6,6,1,0,0,0,0,0
2026-01-01,sharepacks,tool_only,sharepacks/2026-01-01/PuertoRico4/candidate_universe__tool_only__dr004_v2_k3.json,PuertoRico4,2025-12-31,Midday,,,,1,aux_vtrac_index_overdue:Evening:idx=35,aux_vtrac_index_overdue,Evening,STRAIGHT,6,6,1,0,0,0,0,0
2026-01-01,sharepacks,tool_only,sharepacks/2026-01-01/PuertoRico4/candidate_universe__tool_only__dr004_v2_k3.json,PuertoRico4,2025-12-31,Midday,,,,1,aux_vtrac_index_overdue:Midday:idx=25,aux_vtrac_index_overdue,Midday,STRAIGHT,24,24,1,0,0,0,0,0
2026-01-01,sharepacks,tool_only,sharepacks/2026-01-01/PuertoRico4/candidate_universe__tool_only__dr004_v2_k3.json,PuertoRico4,2025-12-31,Midday,,,,1,aux_vtrac_index_overdue:Midday:idx=29,aux_vtrac_index_overdue,Midday,STRAIGHT,24,24,1,0,0,0,0,0
2026-01-01,sharepacks,tool_only,sharepacks/2026-01-01/PuertoRico4/candidate_universe__tool_only__dr004_v2_k3.json,PuertoRico4,2025-12-31,Midday,,,,1,combo_pack:PackA_vt8:seed=023,PackA_vt8,Unknown,STRAIGHT,8,8,1,0,0,0,0,0
2026-01-01,sharepacks,tool_only,sharepacks/2026-01-01/PuertoRico4/candidate_universe__tool_only__dr004_v2_k3.json,PuertoRico4,2025-12-31,Midday,,,,1,combo_pack:PackB_mirror3rd:seed=023,PackB_mirror3rd,Unknown,STRAIGHT,12,12,1,0,0,0,0,0
2026-01-01,sharepacks,tool_only,sharepacks/2026-01-01/PuertoRico4/candidate_universe__tool_only__dr004_v2_k3.json,PuertoRico4,2025-12-31,Midday,,,,1,combo_pack:R-perm-4:envelope,R-perm-4,Unknown,STRAIGHT,16,16,1,0,0,0,0,0
2026-01-01,sharepacks,tool_only,sharepacks/2026-01-01/PuertoRico4/candidate_universe__tool_only__dr004_v2_k3.json,PuertoRico4,2025-12-31,Midday,,,,1,combo_pack:consensus_double_9:trigger=2:keys=304,consensus_double_9,Unknown,MIXED,9,9,1,0,0,0,0,0
2026-01-01,sharepacks,tool_only,sharepacks/2026-01-01/PuertoRico4/candidate_universe__tool_only__dr004_v2_k3.json,PuertoRico4,2025-12-31,Midday,,,,1,digit_reduction_dr004:Combined:top3,digit_reduction_dr004,Combined,BOX,13,13,1,0,0,0,0,0
2026-01-01,sharepacks,tool_only,sharepacks/2026-01-01/PuertoRico4/candidate_universe__tool_only__dr004_v2_k3.json,PuertoRico4,2025-12-31,Midday,,,,1,digit_reduction_dr004:Evening:top3,digit_reduction_dr004,Evening,BOX,13,13,1,0,0,0,0,0
2026-01-01,sharepacks,tool_only,sharepacks/2026-01-01/PuertoRico4/candidate_universe__tool_only__dr004_v2_k3.json,PuertoRico4,2025-12-31,Midday,,,,1,digit_reduction_dr004:Midday:top3,digit_reduction_dr004,Midday,BOX,8,8,1,0,0,0,0,0
2026-01-01,sharepacks,tool_only,sharepacks/2026-01-01/PuertoRico4/candidate_universe__tool_only__dr004_v2_k3.json,PuertoRico4,2025-12-31,Midday,,,,1,due_doubles:Combined,due_doubles,Combined,BOX,12,12,1,0,0,0,0,0
2026-01-01,sharepacks,tool_only,sharepacks/2026-01-01/PuertoRico4/candidate_universe__tool_only__dr004_v2_k3.json,PuertoRico4,2025-12-31,Midday,,,,1,due_doubles:Evening,due_doubles,Evening,BOX,12,12,1,0,0,0,0,0
2026-01-01,sharepacks,tool_only,sharepacks/2026-01-01/PuertoRico4/candidate_universe__tool_only__dr004_v2_k3.json,PuertoRico4,2025-12-31,Midday,,,,1,due_doubles:Midday,due_doubles,Midday,BOX,12,12,1,0,0,0,0,0
2026-01-01,sharepacks,tool_only,sharepacks/2026-01-01/PuertoRico4/candidate_universe__tool_only__dr004_v2_k3.json,PuertoRico4,2025-12-31,Midday,,,,1,due_doubles_mirror_double:Combined:seed=022,due_doubles_mirror_double,Combined,BOX,6,6,1,0,0,0,0,0
2026-01-01,sharepacks,tool_only,sharepacks/2026-01-01/PuertoRico4/candidate_universe__tool_only__dr004_v2_k3.json,PuertoRico4,2025-12-31,Midday,,,,1,due_doubles_mirror_double:Evening:seed=022,due_doubles_mirror_double,Evening,BOX,6,6,1,0,0,0,0,0
2026-01-01,sharepacks,tool_only,sharepacks/2026-01-01/PuertoRico4/candidate_universe__tool_only__dr004_v2_k3.json,PuertoRico4,2025-12-31,Midday,,,,1,due_doubles_mirror_double:Midday:seed=022,due_doubles_mirror_double,Midday,BOX,6,6,1,0,0,0,0,0
2026-01-01,sharepacks,tool_only,sharepacks/2026-01-01/PuertoRico4/candidate_universe__tool_only__dr004_v2_k3.json,PuertoRico4,2025-12-31,Midday,,,,1,due_doubles_mirror_single:Combined:seed=022,due_doubles_mirror_single,Combined,BOX,6,6,1,0,0,0,0,0
2026-01-01,sharepacks,tool_only,sharepacks/2026-01-01/PuertoRico4/candidate_universe__tool_only__dr004_v2_k3.json,PuertoRico4,2025-12-31,Midday,,,,1,due_doubles_mirror_single:Evening:seed=022,due_doubles_mirror_single,Evening,BOX,6,6,1,0,0,0,0,0
2026-01-01,sharepacks,tool_only,sharepacks/2026-01-01/PuertoRico4/candidate_universe__tool_only__dr004_v2_k3.json,PuertoRico4,2025-12-31,Midday,,,,1,due_doubles_mirror_single:Midday:seed=022,due_doubles_mirror_single,Midday,BOX,6,6,1,0,0,0,0,0
2026-01-01,sharepacks,tool_only,sharepacks/2026-01-01/PuertoRico4/candidate_universe__tool_only__dr004_v2_k3.json,PuertoRico4,2025-12-31,Midday,,,,1,hot_zones_top_triads,hot_zones_top,Unknown,STRAIGHT,8,8,1,0,0,0,0,0
2026-01-01,sharepacks,tool_only,sharepacks/2026-01-01/PuertoRico4/candidate_universe__tool_only__dr004_v2_k3.json,PuertoRico4,2025-12-31,Midday,,,,1,mirror_pair_closure:pair=2/7,mirror_pair_closure,Unknown,BOX,18,18,1,0,0,0,0,0
2026-01-01,sharepacks,tool_only,sharepacks/2026-01-01/PuertoRico4/candidate_universe__tool_only__dr004_v2_k3.json,PuertoRico4,2025-12-31,Midday,,,,1,mirror_pair_closure:pair=4/9,mirror_pair_closure,Unknown,BOX,18,18,1,0,0,0,0,0
2026-01-01,sharepacks,tool_only,sharepacks/2026-01-01/PuertoRico4/candidate_universe__tool_only__dr004_v2_k3.json,PuertoRico4,2025-12-31,Midday,,,,1,stable_top:Combined,stable_top,Combined,BOX,9,9,1,0,0,0,0,0
2026-01-01,sharepacks,tool_only,sharepacks/2026-01-01/PuertoRico4/candidate_universe__tool_only__dr004_v2_k3.json,PuertoRico4,2025-12-31,Midday,,,,1,stable_top:Evening,stable_top,Evening,BOX,9,9,1,0,0,0,0,0
2026-01-01,sharepacks,tool_only,sharepacks/2026-01-01/PuertoRico4/candidate_universe__tool_only__dr004_v2_k3.json,PuertoRico4,2025-12-31,Midday,,,,1,stable_top:Midday,stable_top,Midday,BOX,12,12,1,0,0,0,0,0
2026-01-01,sharepacks,tool_only,sharepacks/2026-01-01/PuertoRico4/candidate_universe__tool_only__dr004_v2_k3.json,PuertoRico4,2025-12-31,Midday,,,,1,vtrac_top_straights,vtrac_enhanced_top,Unknown,STRAIGHT,8,8,1,0,0,0,0,0
2026-01-01,sharepacks,tool_only,sharepacks/2026-01-01/SouthCarolina4/candidate_universe__tool_only__dr004_v2_k3.json,SouthCarolina4,2025-12-31,Evening,821,128,21,0,__UNION__,union,Unknown,MIXED,148,148,1,1,1,1,1,0
2026-01-01,sharepacks,tool_only,sharepacks/2026-01-01/SouthCarolina4/candidate_universe__tool_only__dr004_v2_k3.json,SouthCarolina4,2025-12-31,Evening,821,128,21,0,aux_positional_shortlist,aux_positional,Unknown,STRAIGHT,10,10,1,0,0,0,0,0
2026-01-01,sharepacks,tool_only,sharepacks/2026-01-01/SouthCarolina4/candidate_universe__tool_only__dr004_v2_k3.json,SouthCarolina4,2025-12-31,Evening,821,128,21,0,aux_vtrac_index_overdue:Combined:idx=32,aux_vtrac_index_overdue,Combined,STRAIGHT,6,6,1,0,0,0,0,0
2026-01-01,sharepacks,tool_only,sharepacks/2026-01-01/SouthCarolina4/candidate_universe__tool_only__dr004_v2_k3.json,SouthCarolina4,2025-12-31,Evening,821,128,21,0,aux_vtrac_index_overdue:Combined:idx=35,aux_vtrac_index_overdue,Combined,STRAIGHT,6,6,1,0,0,0,0,0
2026-01-01,sharepacks,tool_only,sharepacks/2026-01-01/SouthCarolina4/candidate_universe__tool_only__dr004_v2_k3.json,SouthCarolina4,2025-12-31,Evening,821,128,21,0,aux_vtrac_index_overdue:Evening:idx=1,aux_vtrac_index_overdue,Evening,STRAIGHT,6,6,1,0,0,0,0,0
2026-01-01,sharepacks,tool_only,sharepacks/2026-01-01/SouthCarolina4/candidate_universe__tool_only__dr004_v2_k3.json,SouthCarolina4,2025-12-31,Evening,821,128,21,0,aux_vtrac_index_overdue:Evening:idx=35,aux_vtrac_index_overdue,Evening,STRAIGHT,6,6,1,0,0,0,0,0
2026-01-01,sharepacks,tool_only,sharepacks/2026-01-01/SouthCarolina4/candidate_universe__tool_only__dr004_v2_k3.json,SouthCarolina4,2025-12-31,Evening,821,128,21,0,aux_vtrac_index_overdue:Midday:idx=26,aux_vtrac_index_overdue,Midday,STRAIGHT,6,6,1,0,0,0,0,0
2026-01-01,sharepacks,tool_only,sharepacks/2026-01-01/SouthCarolina4/candidate_universe__tool_only__dr004_v2_k3.json,SouthCarolina4,2025-12-31,Evening,821,128,21,0,aux_vtrac_index_overdue:Midday:idx=32,aux_vtrac_index_overdue,Midday,STRAIGHT,6,6,1,0,0,0,0,0
2026-01-01,sharepacks,tool_only,sharepacks/2026-01-01/SouthCarolina4/candidate_universe__tool_only__dr004_v2_k3.json,SouthCarolina4,2025-12-31,Evening,821,128,21,0,combo_pack:PackA_vt8:seed=015,PackA_vt8,Unknown,STRAIGHT,8,8,1,0,0,0,0,0
2026-01-01,sharepacks,tool_only,sharepacks/2026-01-01/SouthCarolina4/candidate_universe__tool_only__dr004_v2_k3.json,SouthCarolina4,2025-12-31,Evening,821,128,21,0,combo_pack:PackB_mirror3rd:seed=015,PackB_mirror3rd,Unknown,STRAIGHT,9,9,1,0,0,0,0,0
2026-01-01,sharepacks,tool_only,sharepacks/2026-01-01/SouthCarolina4/candidate_universe__tool_only__dr004_v2_k3.json,SouthCarolina4,2025-12-31,Evening,821,128,21,0,combo_pack:R-perm-4:envelope,R-perm-4,Unknown,STRAIGHT,16,16,1,0,0,0,0,0
2026-01-01,sharepacks,tool_only,sharepacks/2026-01-01/SouthCarolina4/candidate_universe__tool_only__dr004_v2_k3.json,SouthCarolina4,2025-12-31,Evening,821,128,21,0,combo_pack:consensus_double_9:trigger=3:keys=185,consensus_double_9,Unknown,MIXED,9,9,1,0,0,0,0,0
2026-01-01,sharepacks,tool_only,sharepacks/2026-01-01/SouthCarolina4/candidate_universe__tool_only__dr004_v2_k3.json,SouthCarolina4,2025-12-31,Evening,821,128,21,0,digit_reduction_dr004:Combined:top3,digit_reduction_dr004,Combined,BOX,13,13,1,1,1,1,1,0
2026-01-01,sharepacks,tool_only,sharepacks/2026-01-01/SouthCarolina4/candidate_universe__tool_only__dr004_v2_k3.json,SouthCarolina4,2025-12-31,Evening,821,128,21,0,digit_reduction_dr004:Evening:top3,digit_reduction_dr004,Evening,BOX,13,13,1,0,0,0,0,0
2026-01-01,sharepacks,tool_only,sharepacks/2026-01-01/SouthCarolina4/candidate_universe__tool_only__dr004_v2_k3.json,SouthCarolina4,2025-12-31,Evening,821,128,21,0,digit_reduction_dr004:Midday:top3,digit_reduction_dr004,Midday,BOX,3,3,1,0,0,0,0,0
2026-01-01,sharepacks,tool_only,sharepacks/2026-01-01/SouthCarolina4/candidate_universe__tool_only__dr004_v2_k3.json,SouthCarolina4,2025-12-31,Evening,821,128,21,0,due_doubles:Combined,due_doubles,Combined,BOX,12,12,1,0,0,0,0,0
2026-01-01,sharepacks,tool_only,sharepacks/2026-01-01/SouthCarolina4/candidate_universe__tool_only__dr004_v2_k3.json,SouthCarolina4,2025-12-31,Evening,821,128,21,0,due_doubles:Evening,due_doubles,Evening,BOX,12,12,1,0,0,0,0,0
2026-01-01,sharepacks,tool_only,sharepacks/2026-01-01/SouthCarolina4/candidate_universe__tool_only__dr004_v2_k3.json,SouthCarolina4,2025-12-31,Evening,821,128,21,0,due_doubles:Midday,due_doubles,Midday,BOX,12,12,1,0,0,0,0,0
2026-01-01,sharepacks,tool_only,sharepacks/2026-01-01/SouthCarolina4/candidate_universe__tool_only__dr004_v2_k3.json,SouthCarolina4,2025-12-31,Evening,821,128,21,0,due_doubles_mirror_double:Combined:seed=115,due_doubles_mirror_double,Combined,BOX,6,6,1,0,0,0,0,0
2026-01-01,sharepacks,tool_only,sharepacks/2026-01-01/SouthCarolina4/candidate_universe__tool_only__dr004_v2_k3.json,SouthCarolina4,2025-12-31,Evening,821,128,21,0,due_doubles_mirror_double:Evening:seed=115,due_doubles_mirror_double,Evening,BOX,6,6,1,0,0,0,0,0
2026-01-01,sharepacks,tool_only,sharepacks/2026-01-01/SouthCarolina4/candidate_universe__tool_only__dr004_v2_k3.json,SouthCarolina4,2025-12-31,Evening,821,128,21,0,due_doubles_mirror_double:Midday:seed=115,due_doubles_mirror_double,Midday,BOX,6,6,1,0,0,0,0,0
2026-01-01,sharepacks,tool_only,sharepacks/2026-01-01/SouthCarolina4/candidate_universe__tool_only__dr004_v2_k3.json,SouthCarolina4,2025-12-31,Evening,821,128,21,0,due_doubles_mirror_single:Combined:seed=115,due_doubles_mirror_single,Combined,BOX,6,6,1,0,0,0,0,0
2026-01-01,sharepacks,tool_only,sharepacks/2026-01-01/SouthCarolina4/candidate_universe__tool_only__dr004_v2_k3.json,SouthCarolina4,2025-12-31,Evening,821,128,21,0,due_doubles_mirror_single:Evening:seed=115,due_doubles_mirror_single,Evening,BOX,6,6,1,0,0,0,0,0
2026-01-01,sharepacks,tool_only,sharepacks/2026-01-01/SouthCarolina4/candidate_universe__tool_only__dr004_v2_k3.json,SouthCarolina4,2025-12-31,Evening,821,128,21,0,due_doubles_mirror_single:Midday:seed=115,due_doubles_mirror_single,Midday,BOX,6,6,1,0,0,0,0,0
2026-01-01,sharepacks,tool_only,sharepacks/2026-01-01/SouthCarolina4/candidate_universe__tool_only__dr004_v2_k3.json,SouthCarolina4,2025-12-31,Evening,821,128,21,0,hot_zones_top_triads,hot_zones_top,Unknown,STRAIGHT,8,8,1,0,0,0,0,0
2026-01-01,sharepacks,tool_only,sharepacks/2026-01-01/SouthCarolina4/candidate_universe__tool_only__dr004_v2_k3.json,SouthCarolina4,2025-12-31,Evening,821,128,21,0,mirror_pair_closure:pair=1/6,mirror_pair_closure,Unknown,BOX,18,18,1,0,0,0,0,0
2026-01-01,sharepacks,tool_only,sharepacks/2026-01-01/SouthCarolina4/candidate_universe__tool_only__dr004_v2_k3.json,SouthCarolina4,2025-12-31,Evening,821,128,21,0,mirror_pair_closure:pair=3/8,mirror_pair_closure,Unknown,BOX,18,18,1,0,0,0,0,0
2026-01-01,sharepacks,tool_only,sharepacks/2026-01-01/SouthCarolina4/candidate_universe__tool_only__dr004_v2_k3.json,SouthCarolina4,2025-12-31,Evening,821,128,21,0,stable_top:Combined,stable_top,Combined,BOX,9,9,1,0,0,0,0,0
2026-01-01,sharepacks,tool_only,sharepacks/2026-01-01/SouthCarolina4/candidate_universe__tool_only__dr004_v2_k3.json,SouthCarolina4,2025-12-31,Evening,821,128,21,0,stable_top:Evening,stable_top,Evening,BOX,12,12,1,0,0,0,0,0
2026-01-01,sharepacks,tool_only,sharepacks/2026-01-01/SouthCarolina4/candidate_universe__tool_only__dr004_v2_k3.json,SouthCarolina4,2025-12-31,Evening,821,128,21,0,stable_top:Midday,stable_top,Midday,BOX,9,9,1,0,0,0,0,0
2026-01-01,sharepacks,tool_only,sharepacks/2026-01-01/SouthCarolina4/candidate_universe__tool_only__dr004_v2_k3.json,SouthCarolina4,2025-12-31,Evening,821,128,21,0,vtrac_top_straights,vtrac_enhanced_top,Unknown,STRAIGHT,8,8,1,0,0,0,0,0
2026-01-01,sharepacks,tool_only,sharepacks/2026-01-01/SouthCarolina4/candidate_universe__tool_only__dr004_v2_k3.json,SouthCarolina4,2025-12-31,Midday,910,019,9,0,__UNION__,union,Unknown,MIXED,148,148,1,0,0,0,0,0
2026-01-01,sharepacks,tool_only,sharepacks/2026-01-01/SouthCarolina4/candidate_universe__tool_only__dr004_v2_k3.json,SouthCarolina4,2025-12-31,Midday,910,019,9,0,aux_positional_shortlist,aux_positional,Unknown,STRAIGHT,10,10,1,0,0,0,0,0
2026-01-01,sharepacks,tool_only,sharepacks/2026-01-01/SouthCarolina4/candidate_universe__tool_only__dr004_v2_k3.json,SouthCarolina4,2025-12-31,Midday,910,019,9,0,aux_vtrac_index_overdue:Combined:idx=32,aux_vtrac_index_overdue,Combined,STRAIGHT,6,6,1,0,0,0,0,0
2026-01-01,sharepacks,tool_only,sharepacks/2026-01-01/SouthCarolina4/candidate_universe__tool_only__dr004_v2_k3.json,SouthCarolina4,2025-12-31,Midday,910,019,9,0,aux_vtrac_index_overdue:Combined:idx=35,aux_vtrac_index_overdue,Combined,STRAIGHT,6,6,1,0,0,0,0,0
2026-01-01,sharepacks,tool_only,sharepacks/2026-01-01/SouthCarolina4/candidate_universe__tool_only__dr004_v2_k3.json,SouthCarolina4,2025-12-31,Midday,910,019,9,0,aux_vtrac_index_overdue:Evening:idx=1,aux_vtrac_index_overdue,Evening,STRAIGHT,6,6,1,0,0,0,0,0
2026-01-01,sharepacks,tool_only,sharepacks/2026-01-01/SouthCarolina4/candidate_universe__tool_only__dr004_v2_k3.json,SouthCarolina4,2025-12-31,Midday,910,019,9,0,aux_vtrac_index_overdue:Evening:idx=35,aux_vtrac_index_overdue,Evening,STRAIGHT,6,6,1,0,0,0,0,0
2026-01-01,sharepacks,tool_only,sharepacks/2026-01-01/SouthCarolina4/candidate_universe__tool_only__dr004_v2_k3.json,SouthCarolina4,2025-12-31,Midday,910,019,9,0,aux_vtrac_index_overdue:Midday:idx=26,aux_vtrac_index_overdue,Midday,STRAIGHT,6,6,1,0,0,0,0,0
2026-01-01,sharepacks,tool_only,sharepacks/2026-01-01/SouthCarolina4/candidate_universe__tool_only__dr004_v2_k3.json,SouthCarolina4,2025-12-31,Midday,910,019,9,0,aux_vtrac_index_overdue:Midday:idx=32,aux_vtrac_index_overdue,Midday,STRAIGHT,6,6,1,0,0,0,0,0
2026-01-01,sharepacks,tool_only,sharepacks/2026-01-01/SouthCarolina4/candidate_universe__tool_only__dr004_v2_k3.json,SouthCarolina4,2025-12-31,Midday,910,019,9,0,combo_pack:PackA_vt8:seed=015,PackA_vt8,Unknown,STRAIGHT,8,8,1,0,0,0,0,0
2026-01-01,sharepacks,tool_only,sharepacks/2026-01-01/SouthCarolina4/candidate_universe__tool_only__dr004_v2_k3.json,SouthCarolina4,2025-12-31,Midday,910,019,9,0,combo_pack:PackB_mirror3rd:seed=015,PackB_mirror3rd,Unknown,STRAIGHT,9,9,1,0,0,0,0,0
2026-01-01,sharepacks,tool_only,sharepacks/2026-01-01/SouthCarolina4/candidate_universe__tool_only__dr004_v2_k3.json,SouthCarolina4,2025-12-31,Midday,910,019,9,0,combo_pack:R-perm-4:envelope,R-perm-4,Unknown,STRAIGHT,16,16,1,0,0,0,0,0
2026-01-01,sharepacks,tool_only,sharepacks/2026-01-01/SouthCarolina4/candidate_universe__tool_only__dr004_v2_k3.json,SouthCarolina4,2025-12-31,Midday,910,019,9,0,combo_pack:consensus_double_9:trigger=3:keys=185,consensus_double_9,Unknown,MIXED,9,9,1,0,0,0,0,0
2026-01-01,sharepacks,tool_only,sharepacks/2026-01-01/SouthCarolina4/candidate_universe__tool_only__dr004_v2_k3.json,SouthCarolina4,2025-12-31,Midday,910,019,9,0,digit_reduction_dr004:Combined:top3,digit_reduction_dr004,Combined,BOX,13,13,1,0,0,0,0,0
2026-01-01,sharepacks,tool_only,sharepacks/2026-01-01/SouthCarolina4/candidate_universe__tool_only__dr004_v2_k3.json,SouthCarolina4,2025-12-31,Midday,910,019,9,0,digit_reduction_dr004:Evening:top3,digit_reduction_dr004,Evening,BOX,13,13,1,0,0,0,0,0
2026-01-01,sharepacks,tool_only,sharepacks/2026-01-01/SouthCarolina4/candidate_universe__tool_only__dr004_v2_k3.json,SouthCarolina4,2025-12-31,Midday,910,019,9,0,digit_reduction_dr004:Midday:top3,digit_reduction_dr004,Midday,BOX,3,3,1,0,0,0,0,0
2026-01-01,sharepacks,tool_only,sharepacks/2026-01-01/SouthCarolina4/candidate_universe__tool_only__dr004_v2_k3.json,SouthCarolina4,2025-12-31,Midday,910,019,9,0,due_doubles:Combined,due_doubles,Combined,BOX,12,12,1,0,0,0,0,0
2026-01-01,sharepacks,tool_only,sharepacks/2026-01-01/SouthCarolina4/candidate_universe__tool_only__dr004_v2_k3.json,SouthCarolina4,2025-12-31,Midday,910,019,9,0,due_doubles:Evening,due_doubles,Evening,BOX,12,12,1,0,0,0,0,0
2026-01-01,sharepacks,tool_only,sharepacks/2026-01-01/SouthCarolina4/candidate_universe__tool_only__dr004_v2_k3.json,SouthCarolina4,2025-12-31,Midday,910,019,9,0,due_doubles:Midday,due_doubles,Midday,BOX,12,12,1,0,0,0,0,0
2026-01-01,sharepacks,tool_only,sharepacks/2026-01-01/SouthCarolina4/candidate_universe__tool_only__dr004_v2_k3.json,SouthCarolina4,2025-12-31,Midday,910,019,9,0,due_doubles_mirror_double:Combined:seed=115,due_doubles_mirror_double,Combined,BOX,6,6,1,0,0,0,0,0
2026-01-01,sharepacks,tool_only,sharepacks/2026-01-01/SouthCarolina4/candidate_universe__tool_only__dr004_v2_k3.json,SouthCarolina4,2025-12-31,Midday,910,019,9,0,due_doubles_mirror_double:Evening:seed=115,due_doubles_mirror_double,Evening,BOX,6,6,1,0,0,0,0,0
2026-01-01,sharepacks,tool_only,sharepacks/2026-01-01/SouthCarolina4/candidate_universe__tool_only__dr004_v2_k3.json,SouthCarolina4,2025-12-31,Midday,910,019,9,0,due_doubles_mirror_double:Midday:seed=115,due_doubles_mirror_double,Midday,BOX,6,6,1,0,0,0,0,0
2026-01-01,sharepacks,tool_only,sharepacks/2026-01-01/SouthCarolina4/candidate_universe__tool_only__dr004_v2_k3.json,SouthCarolina4,2025-12-31,Midday,910,019,9,0,due_doubles_mirror_single:Combined:seed=115,due_doubles_mirror_single,Combined,BOX,6,6,1,0,0,0,0,0
2026-01-01,sharepacks,tool_only,sharepacks/2026-01-01/SouthCarolina4/candidate_universe__tool_only__dr004_v2_k3.json,SouthCarolina4,2025-12-31,Midday,910,019,9,0,due_doubles_mirror_single:Evening:seed=115,due_doubles_mirror_single,Evening,BOX,6,6,1,0,0,0,0,0
2026-01-01,sharepacks,tool_only,sharepacks/2026-01-01/SouthCarolina4/candidate_universe__tool_only__dr004_v2_k3.json,SouthCarolina4,2025-12-31,Midday,910,019,9,0,due_doubles_mirror_single:Midday:seed=115,due_doubles_mirror_single,Midday,BOX,6,6,1,0,0,0,0,0
2026-01-01,sharepacks,tool_only,sharepacks/2026-01-01/SouthCarolina4/candidate_universe__tool_only__dr004_v2_k3.json,SouthCarolina4,2025-12-31,Midday,910,019,9,0,hot_zones_top_triads,hot_zones_top,Unknown,STRAIGHT,8,8,1,0,0,0,0,0
2026-01-01,sharepacks,tool_only,sharepacks/2026-01-01/SouthCarolina4/candidate_universe__tool_only__dr004_v2_k3.json,SouthCarolina4,2025-12-31,Midday,910,019,9,0,mirror_pair_closure:pair=1/6,mirror_pair_closure,Unknown,BOX,18,18,1,0,0,0,0,0
2026-01-01,sharepacks,tool_only,sharepacks/2026-01-01/SouthCarolina4/candidate_universe__tool_only__dr004_v2_k3.json,SouthCarolina4,2025-12-31,Midday,910,019,9,0,mirror_pair_closure:pair=3/8,mirror_pair_closure,Unknown,BOX,18,18,1,0,0,0,0,0
2026-01-01,sharepacks,tool_only,sharepacks/2026-01-01/SouthCarolina4/candidate_universe__tool_only__dr004_v2_k3.json,SouthCarolina4,2025-12-31,Midday,910,019,9,0,stable_top:Combined,stable_top,Combined,BOX,9,9,1,0,0,0,0,0
2026-01-01,sharepacks,tool_only,sharepacks/2026-01-01/SouthCarolina4/candidate_universe__tool_only__dr004_v2_k3.json,SouthCarolina4,2025-12-31,Midday,910,019,9,0,stable_top:Evening,stable_top,Evening,BOX,12,12,1,0,0,0,0,0
2026-01-01,sharepacks,tool_only,sharepacks/2026-01-01/SouthCarolina4/candidate_universe__tool_only__dr004_v2_k3.json,SouthCarolina4,2025-12-31,Midday,910,019,9,0,stable_top:Midday,stable_top,Midday,BOX,9,9,1,0,0,0,0,0
2026-01-01,sharepacks,tool_only,sharepacks/2026-01-01/SouthCarolina4/candidate_universe__tool_only__dr004_v2_k3.json,SouthCarolina4,2025-12-31,Midday,910,019,9,0,vtrac_top_straights,vtrac_enhanced_top,Unknown,STRAIGHT,8,8,1,0,0,0,0,0
2026-01-01,sharepacks,tool_only,sharepacks/2026-01-01/Virginia4/candidate_universe__tool_only__dr004_v2_k3.json,Virginia4,2025-12-31,Evening,354,345,14,0,__UNION__,union,Unknown,MIXED,195,195,1,0,0,0,1,1
2026-01-01,sharepacks,tool_only,sharepacks/2026-01-01/Virginia4/candidate_universe__tool_only__dr004_v2_k3.json,Virginia4,2025-12-31,Evening,354,345,14,0,aux_positional_shortlist,aux_positional,Unknown,STRAIGHT,10,10,1,0,0,0,0,0
2026-01-01,sharepacks,tool_only,sharepacks/2026-01-01/Virginia4/candidate_universe__tool_only__dr004_v2_k3.json,Virginia4,2025-12-31,Evening,354,345,14,0,aux_vtrac_index_overdue:Combined:idx=26,aux_vtrac_index_overdue,Combined,STRAIGHT,6,6,1,0,0,0,0,0
2026-01-01,sharepacks,tool_only,sharepacks/2026-01-01/Virginia4/candidate_universe__tool_only__dr004_v2_k3.json,Virginia4,2025-12-31,Evening,354,345,14,0,aux_vtrac_index_overdue:Combined:idx=35,aux_vtrac_index_overdue,Combined,STRAIGHT,6,6,1,0,0,0,0,0
2026-01-01,sharepacks,tool_only,sharepacks/2026-01-01/Virginia4/candidate_universe__tool_only__dr004_v2_k3.json,Virginia4,2025-12-31,Evening,354,345,14,0,aux_vtrac_index_overdue:Evening:idx=1,aux_vtrac_index_overdue,Evening,STRAIGHT,6,6,1,0,0,0,0,0
2026-01-01,sharepacks,tool_only,sharepacks/2026-01-01/Virginia4/candidate_universe__tool_only__dr004_v2_k3.json,Virginia4,2025-12-31,Evening,354,345,14,0,aux_vtrac_index_overdue:Evening:idx=35,aux_vtrac_index_overdue,Evening,STRAIGHT,6,6,1,0,0,0,0,0
2026-01-01,sharepacks,tool_only,sharepacks/2026-01-01/Virginia4/candidate_universe__tool_only__dr004_v2_k3.json,Virginia4,2025-12-31,Evening,354,345,14,0,aux_vtrac_index_overdue:Midday:idx=34,aux_vtrac_index_overdue,Midday,STRAIGHT,24,24,1,0,0,0,0,0
2026-01-01,sharepacks,tool_only,sharepacks/2026-01-01/Virginia4/candidate_universe__tool_only__dr004_v2_k3.json,Virginia4,2025-12-31,Evening,354,345,14,0,aux_vtrac_index_overdue:Midday:idx=35,aux_vtrac_index_overdue,Midday,STRAIGHT,6,6,1,0,0,0,0,0
2026-01-01,sharepacks,tool_only,sharepacks/2026-01-01/Virginia4/candidate_universe__tool_only__dr004_v2_k3.json,Virginia4,2025-12-31,Evening,354,345,14,0,combo_pack:PackA_vt8:seed=047,PackA_vt8,Unknown,STRAIGHT,8,8,1,0,0,0,0,0
2026-01-01,sharepacks,tool_only,sharepacks/2026-01-01/Virginia4/candidate_universe__tool_only__dr004_v2_k3.json,Virginia4,2025-12-31,Evening,354,345,14,0,combo_pack:PackB_mirror3rd:seed=047,PackB_mirror3rd,Unknown,STRAIGHT,12,12,1,0,0,0,0,0
2026-01-01,sharepacks,tool_only,sharepacks/2026-01-01/Virginia4/candidate_universe__tool_only__dr004_v2_k3.json,Virginia4,2025-12-31,Evening,354,345,14,0,combo_pack:R-perm-4:envelope,R-perm-4,Unknown,STRAIGHT,16,16,1,0,0,0,0,0
2026-01-01,sharepacks,tool_only,sharepacks/2026-01-01/Virginia4/candidate_universe__tool_only__dr004_v2_k3.json,Virginia4,2025-12-31,Evening,354,345,14,0,combo_pack:consensus_double_9:trigger=3:keys=490,consensus_double_9,Unknown,MIXED,9,9,1,0,0,0,0,0
2026-01-01,sharepacks,tool_only,sharepacks/2026-01-01/Virginia4/candidate_universe__tool_only__dr004_v2_k3.json,Virginia4,2025-12-31,Evening,354,345,14,0,digit_reduction_dr004:Combined:top3,digit_reduction_dr004,Combined,BOX,18,18,1,0,0,0,0,0
2026-01-01,sharepacks,tool_only,sharepacks/2026-01-01/Virginia4/candidate_universe__tool_only__dr004_v2_k3.json,Virginia4,2025-12-31,Evening,354,345,14,0,digit_reduction_dr004:Evening:top3,digit_reduction_dr004,Evening,BOX,13,13,1,0,0,0,0,0
2026-01-01,sharepacks,tool_only,sharepacks/2026-01-01/Virginia4/candidate_universe__tool_only__dr004_v2_k3.json,Virginia4,2025-12-31,Evening,354,345,14,0,digit_reduction_dr004:Midday:top3,digit_reduction_dr004,Midday,BOX,13,13,1,0,0,0,0,0
2026-01-01,sharepacks,tool_only,sharepacks/2026-01-01/Virginia4/candidate_universe__tool_only__dr004_v2_k3.json,Virginia4,2025-12-31,Evening,354,345,14,0,due_doubles:Combined,due_doubles,Combined,BOX,12,12,1,0,0,0,0,0
2026-01-01,sharepacks,tool_only,sharepacks/2026-01-01/Virginia4/candidate_universe__tool_only__dr004_v2_k3.json,Virginia4,2025-12-31,Evening,354,345,14,0,due_doubles:Evening,due_doubles,Evening,BOX,12,12,1,0,0,0,0,0
2026-01-01,sharepacks,tool_only,sharepacks/2026-01-01/Virginia4/candidate_universe__tool_only__dr004_v2_k3.json,Virginia4,2025-12-31,Evening,354,345,14,0,due_doubles:Midday,due_doubles,Midday,BOX,12,12,1,0,0,0,0,0
2026-01-01,sharepacks,tool_only,sharepacks/2026-01-01/Virginia4/candidate_universe__tool_only__dr004_v2_k3.json,Virginia4,2025-12-31,Evening,354,345,14,0,due_doubles_mirror_double:Combined:seed=004,due_doubles_mirror_double,Combined,BOX,6,6,1,0,0,0,0,0
2026-01-01,sharepacks,tool_only,sharepacks/2026-01-01/Virginia4/candidate_universe__tool_only__dr004_v2_k3.json,Virginia4,2025-12-31,Evening,354,345,14,0,due_doubles_mirror_double:Evening:seed=004,due_doubles_mirror_double,Evening,BOX,6,6,1,0,0,0,0,0
2026-01-01,sharepacks,tool_only,sharepacks/2026-01-01/Virginia4/candidate_universe__tool_only__dr004_v2_k3.json,Virginia4,2025-12-31,Evening,354,345,14,0,due_doubles_mirror_double:Midday:seed=004,due_doubles_mirror_double,Midday,BOX,6,6,1,0,0,0,0,0
2026-01-01,sharepacks,tool_only,sharepacks/2026-01-01/Virginia4/candidate_universe__tool_only__dr004_v2_k3.json,Virginia4,2025-12-31,Evening,354,345,14,0,due_doubles_mirror_single:Combined:seed=004,due_doubles_mirror_single,Combined,BOX,6,6,1,0,0,0,0,0
2026-01-01,sharepacks,tool_only,sharepacks/2026-01-01/Virginia4/candidate_universe__tool_only__dr004_v2_k3.json,Virginia4,2025-12-31,Evening,354,345,14,0,due_doubles_mirror_single:Evening:seed=004,due_doubles_mirror_single,Evening,BOX,6,6,1,0,0,0,0,0
2026-01-01,sharepacks,tool_only,sharepacks/2026-01-01/Virginia4/candidate_universe__tool_only__dr004_v2_k3.json,Virginia4,2025-12-31,Evening,354,345,14,0,due_doubles_mirror_single:Midday:seed=004,due_doubles_mirror_single,Midday,BOX,6,6,1,0,0,0,0,0
2026-01-01,sharepacks,tool_only,sharepacks/2026-01-01/Virginia4/candidate_universe__tool_only__dr004_v2_k3.json,Virginia4,2025-12-31,Evening,354,345,14,0,hot_zones_top_triads,hot_zones_top,Unknown,STRAIGHT,8,8,1,0,0,0,1,1
2026-01-01,sharepacks,tool_only,sharepacks/2026-01-01/Virginia4/candidate_universe__tool_only__dr004_v2_k3.json,Virginia4,2025-12-31,Evening,354,345,14,0,mirror_pair_closure:pair=0/5,mirror_pair_closure,Unknown,BOX,18,18,1,0,0,0,0,0
2026-01-01,sharepacks,tool_only,sharepacks/2026-01-01/Virginia4/candidate_universe__tool_only__dr004_v2_k3.json,Virginia4,2025-12-31,Evening,354,345,14,0,mirror_pair_closure:pair=3/8,mirror_pair_closure,Unknown,BOX,18,18,1,0,0,0,0,0
2026-01-01,sharepacks,tool_only,sharepacks/2026-01-01/Virginia4/candidate_universe__tool_only__dr004_v2_k3.json,Virginia4,2025-12-31,Evening,354,345,14,0,stable_top:Combined,stable_top,Combined,BOX,9,9,1,0,0,0,0,0
2026-01-01,sharepacks,tool_only,sharepacks/2026-01-01/Virginia4/candidate_universe__tool_only__dr004_v2_k3.json,Virginia4,2025-12-31,Evening,354,345,14,0,stable_top:Evening,stable_top,Evening,BOX,9,9,1,0,0,0,0,0
2026-01-01,sharepacks,tool_only,sharepacks/2026-01-01/Virginia4/candidate_universe__tool_only__dr004_v2_k3.json,Virginia4,2025-12-31,Evening,354,345,14,0,stable_top:Midday,stable_top,Midday,BOX,9,9,1,0,0,0,0,0
2026-01-01,sharepacks,tool_only,sharepacks/2026-01-01/Virginia4/candidate_universe__tool_only__dr004_v2_k3.json,Virginia4,2025-12-31,Evening,354,345,14,0,vtrac_top_straights,vtrac_enhanced_top,Unknown,STRAIGHT,8,8,1,0,0,0,0,0
2026-01-01,sharepacks,tool_only,sharepacks/2026-01-01/Virginia4/candidate_universe__tool_only__dr004_v2_k3.json,Virginia4,2025-12-31,Midday,019,019,9,0,__UNION__,union,Unknown,MIXED,195,195,1,0,0,0,0,0
2026-01-01,sharepacks,tool_only,sharepacks/2026-01-01/Virginia4/candidate_universe__tool_only__dr004_v2_k3.json,Virginia4,2025-12-31,Midday,019,019,9,0,aux_positional_shortlist,aux_positional,Unknown,STRAIGHT,10,10,1,0,0,0,0,0
2026-01-01,sharepacks,tool_only,sharepacks/2026-01-01/Virginia4/candidate_universe__tool_only__dr004_v2_k3.json,Virginia4,2025-12-31,Midday,019,019,9,0,aux_vtrac_index_overdue:Combined:idx=26,aux_vtrac_index_overdue,Combined,STRAIGHT,6,6,1,0,0,0,0,0
2026-01-01,sharepacks,tool_only,sharepacks/2026-01-01/Virginia4/candidate_universe__tool_only__dr004_v2_k3.json,Virginia4,2025-12-31,Midday,019,019,9,0,aux_vtrac_index_overdue:Combined:idx=35,aux_vtrac_index_overdue,Combined,STRAIGHT,6,6,1,0,0,0,0,0
2026-01-01,sharepacks,tool_only,sharepacks/2026-01-01/Virginia4/candidate_universe__tool_only__dr004_v2_k3.json,Virginia4,2025-12-31,Midday,019,019,9,0,aux_vtrac_index_overdue:Evening:idx=1,aux_vtrac_index_overdue,Evening,STRAIGHT,6,6,1,0,0,0,0,0
2026-01-01,sharepacks,tool_only,sharepacks/2026-01-01/Virginia4/candidate_universe__tool_only__dr004_v2_k3.json,Virginia4,2025-12-31,Midday,019,019,9,0,aux_vtrac_index_overdue:Evening:idx=35,aux_vtrac_index_overdue,Evening,STRAIGHT,6,6,1,0,0,0,0,0
2026-01-01,sharepacks,tool_only,sharepacks/2026-01-01/Virginia4/candidate_universe__tool_only__dr004_v2_k3.json,Virginia4,2025-12-31,Midday,019,019,9,0,aux_vtrac_index_overdue:Midday:idx=34,aux_vtrac_index_overdue,Midday,STRAIGHT,24,24,1,0,0,0,0,0
2026-01-01,sharepacks,tool_only,sharepacks/2026-01-01/Virginia4/candidate_universe__tool_only__dr004_v2_k3.json,Virginia4,2025-12-31,Midday,019,019,9,0,aux_vtrac_index_overdue:Midday:idx=35,aux_vtrac_index_overdue,Midday,STRAIGHT,6,6,1,0,0,0,0,0
2026-01-01,sharepacks,tool_only,sharepacks/2026-01-01/Virginia4/candidate_universe__tool_only__dr004_v2_k3.json,Virginia4,2025-12-31,Midday,019,019,9,0,combo_pack:PackA_vt8:seed=047,PackA_vt8,Unknown,STRAIGHT,8,8,1,0,0,0,0,0
2026-01-01,sharepacks,tool_only,sharepacks/2026-01-01/Virginia4/candidate_universe__tool_only__dr004_v2_k3.json,Virginia4,2025-12-31,Midday,019,019,9,0,combo_pack:PackB_mirror3rd:seed=047,PackB_mirror3rd,Unknown,STRAIGHT,12,12,1,0,0,0,0,0
2026-01-01,sharepacks,tool_only,sharepacks/2026-01-01/Virginia4/candidate_universe__tool_only__dr004_v2_k3.json,Virginia4,2025-12-31,Midday,019,019,9,0,combo_pack:R-perm-4:envelope,R-perm-4,Unknown,STRAIGHT,16,16,1,0,0,0,0,0
2026-01-01,sharepacks,tool_only,sharepacks/2026-01-01/Virginia4/candidate_universe__tool_only__dr004_v2_k3.json,Virginia4,2025-12-31,Midday,019,019,9,0,combo_pack:consensus_double_9:trigger=3:keys=490,consensus_double_9,Unknown,MIXED,9,9,1,0,0,0,0,0
2026-01-01,sharepacks,tool_only,sharepacks/2026-01-01/Virginia4/candidate_universe__tool_only__dr004_v2_k3.json,Virginia4,2025-12-31,Midday,019,019,9,0,digit_reduction_dr004:Combined:top3,digit_reduction_dr004,Combined,BOX,18,18,1,0,0,0,0,0
2026-01-01,sharepacks,tool_only,sharepacks/2026-01-01/Virginia4/candidate_universe__tool_only__dr004_v2_k3.json,Virginia4,2025-12-31,Midday,019,019,9,0,digit_reduction_dr004:Evening:top3,digit_reduction_dr004,Evening,BOX,13,13,1,0,0,0,0,0
2026-01-01,sharepacks,tool_only,sharepacks/2026-01-01/Virginia4/candidate_universe__tool_only__dr004_v2_k3.json,Virginia4,2025-12-31,Midday,019,019,9,0,digit_reduction_dr004:Midday:top3,digit_reduction_dr004,Midday,BOX,13,13,1,0,0,0,0,0
2026-01-01,sharepacks,tool_only,sharepacks/2026-01-01/Virginia4/candidate_universe__tool_only__dr004_v2_k3.json,Virginia4,2025-12-31,Midday,019,019,9,0,due_doubles:Combined,due_doubles,Combined,BOX,12,12,1,0,0,0,0,0
2026-01-01,sharepacks,tool_only,sharepacks/2026-01-01/Virginia4/candidate_universe__tool_only__dr004_v2_k3.json,Virginia4,2025-12-31,Midday,019,019,9,0,due_doubles:Evening,due_doubles,Evening,BOX,12,12,1,0,0,0,0,0
2026-01-01,sharepacks,tool_only,sharepacks/2026-01-01/Virginia4/candidate_universe__tool_only__dr004_v2_k3.json,Virginia4,2025-12-31,Midday,019,019,9,0,due_doubles:Midday,due_doubles,Midday,BOX,12,12,1,0,0,0,0,0
2026-01-01,sharepacks,tool_only,sharepacks/2026-01-01/Virginia4/candidate_universe__tool_only__dr004_v2_k3.json,Virginia4,2025-12-31,Midday,019,019,9,0,due_doubles_mirror_double:Combined:seed=004,due_doubles_mirror_double,Combined,BOX,6,6,1,0,0,0,0,0
2026-01-01,sharepacks,tool_only,sharepacks/2026-01-01/Virginia4/candidate_universe__tool_only__dr004_v2_k3.json,Virginia4,2025-12-31,Midday,019,019,9,0,due_doubles_mirror_double:Evening:seed=004,due_doubles_mirror_double,Evening,BOX,6,6,1,0,0,0,0,0
2026-01-01,sharepacks,tool_only,sharepacks/2026-01-01/Virginia4/candidate_universe__tool_only__dr004_v2_k3.json,Virginia4,2025-12-31,Midday,019,019,9,0,due_doubles_mirror_double:Midday:seed=004,due_doubles_mirror_double,Midday,BOX,6,6,1,0,0,0,0,0
2026-01-01,sharepacks,tool_only,sharepacks/2026-01-01/Virginia4/candidate_universe__tool_only__dr004_v2_k3.json,Virginia4,2025-12-31,Midday,019,019,9,0,due_doubles_mirror_single:Combined:seed=004,due_doubles_mirror_single,Combined,BOX,6,6,1,0,0,0,0,0
2026-01-01,sharepacks,tool_only,sharepacks/2026-01-01/Virginia4/candidate_universe__tool_only__dr004_v2_k3.json,Virginia4,2025-12-31,Midday,019,019,9,0,due_doubles_mirror_single:Evening:seed=004,due_doubles_mirror_single,Evening,BOX,6,6,1,0,0,0,0,0
2026-01-01,sharepacks,tool_only,sharepacks/2026-01-01/Virginia4/candidate_universe__tool_only__dr004_v2_k3.json,Virginia4,2025-12-31,Midday,019,019,9,0,due_doubles_mirror_single:Midday:seed=004,due_doubles_mirror_single,Midday,BOX,6,6,1,0,0,0,0,0
2026-01-01,sharepacks,tool_only,sharepacks/2026-01-01/Virginia4/candidate_universe__tool_only__dr004_v2_k3.json,Virginia4,2025-12-31,Midday,019,019,9,0,hot_zones_top_triads,hot_zones_top,Unknown,STRAIGHT,8,8,1,0,0,0,0,0
2026-01-01,sharepacks,tool_only,sharepacks/2026-01-01/Virginia4/candidate_universe__tool_only__dr004_v2_k3.json,Virginia4,2025-12-31,Midday,019,019,9,0,mirror_pair_closure:pair=0/5,mirror_pair_closure,Unknown,BOX,18,18,1,0,0,0,0,0
2026-01-01,sharepacks,tool_only,sharepacks/2026-01-01/Virginia4/candidate_universe__tool_only__dr004_v2_k3.json,Virginia4,2025-12-31,Midday,019,019,9,0,mirror_pair_closure:pair=3/8,mirror_pair_closure,Unknown,BOX,18,18,1,0,0,0,0,0
2026-01-01,sharepacks,tool_only,sharepacks/2026-01-01/Virginia4/candidate_universe__tool_only__dr004_v2_k3.json,Virginia4,2025-12-31,Midday,019,019,9,0,stable_top:Combined,stable_top,Combined,BOX,9,9,1,0,0,0,0,0
2026-01-01,sharepacks,tool_only,sharepacks/2026-01-01/Virginia4/candidate_universe__tool_only__dr004_v2_k3.json,Virginia4,2025-12-31,Midday,019,019,9,0,stable_top:Evening,stable_top,Evening,BOX,9,9,1,0,0,0,0,0
2026-01-01,sharepacks,tool_only,sharepacks/2026-01-01/Virginia4/candidate_universe__tool_only__dr004_v2_k3.json,Virginia4,2025-12-31,Midday,019,019,9,0,stable_top:Midday,stable_top,Midday,BOX,9,9,1,0,0,0,0,0
2026-01-01,sharepacks,tool_only,sharepacks/2026-01-01/Virginia4/candidate_universe__tool_only__dr004_v2_k3.json,Virginia4,2025-12-31,Midday,019,019,9,0,vtrac_top_straights,vtrac_enhanced_top,Unknown,STRAIGHT,8,8,1,0,0,0,0,0
